0 0.75703125 0.2625 0.015625 0.025925925925925925
0 0.5658854166666667 0.3638888888888889 0.018229166666666668 0.02962962962962963
0 0.6557291666666667 0.37777777777777777 0.0171875 0.026851851851851852
0 0.5690104166666666 0.29907407407407405 0.0171875 0.026851851851851852
0 0.5013020833333334 0.3421296296296296 0.0171875 0.027777777777777776
0 0.7041666666666667 0.5078703703703704 0.021354166666666667 0.03425925925925926
0 0.4901041666666667 0.5263888888888889 0.019791666666666666 0.032407407407407406
0 0.5401041666666667 0.6023148148148149 0.021875 0.03611111111111111
0 0.5059895833333333 0.6199074074074075 0.022916666666666665 0.037037037037037035
0 0.42682291666666666 0.5476851851851852 0.022395833333333334 0.03611111111111111
