0 0.7122395833333334 0.2638888888888889 0.019270833333333334 0.032407407407407406
0 0.6739583333333333 0.3921296296296296 0.020833333333333332 0.03333333333333333
0 0.7356770833333334 0.49675925925925923 0.021875 0.03518518518518519
0 0.6510416666666666 0.44722222222222224 0.022395833333333334 0.03518518518518519
0 0.5497395833333333 0.4023148148148148 0.0203125 0.03333333333333333
0 0.5028645833333333 0.40925925925925927 0.0203125 0.032407407407407406
0 0.5057291666666667 0.3685185185185185 0.0203125 0.03518518518518519
0 0.32447916666666665 0.31851851851851853 0.019791666666666666 0.03333333333333333
0 0.7119791666666667 0.6699074074074074 0.025 0.03888888888888889
0 0.6510416666666666 0.6152777777777778 0.0234375 0.03888888888888889
0 0.55390625 0.6375 0.023958333333333335 0.03796296296296296
0 0.49895833333333334 0.7143518518518519 0.025520833333333333 0.040740740740740744
0 0.4625 0.7092592592592593 0.025 0.040740740740740744
0 0.328125 0.7157407407407408 0.025 0.03981481481481482
