0 0.7510416666666667 0.6060185185185185 0.019270833333333334 0.030555555555555555
0 0.6231770833333333 0.7092592592592593 0.021354166666666667 0.03611111111111111
0 0.6572916666666667 0.5879629629629629 0.01875 0.028703703703703703
0 0.6716145833333333 0.5722222222222222 0.017708333333333333 0.028703703703703703
0 0.640625 0.5537037037037037 0.016666666666666666 0.027777777777777776
0 0.59765625 0.524537037037037 0.016145833333333335 0.026851851851851852
0 0.54375 0.5041666666666667 0.015104166666666667 0.026851851851851852
0 0.5083333333333333 0.44814814814814813 0.013541666666666667 0.022222222222222223
0 0.47291666666666665 0.55 0.016666666666666666 0.027777777777777776
0 0.44609375 0.5546296296296296 0.017708333333333333 0.027777777777777776
0 0.4421875 0.5050925925925925 0.015625 0.025
0 0.41953125 0.5291666666666667 0.016666666666666666 0.028703703703703703
0 0.42161458333333335 0.42824074074074076 0.013020833333333334 0.021296296296296296
0 0.3890625 0.46435185185185185 0.0140625 0.023148148148148147
0 0.36796875 0.5916666666666667 0.019270833333333334 0.028703703703703703
0 0.2708333333333333 0.5046296296296297 0.015104166666666667 0.025
