0 0.8299479166666667 0.6259259259259259 0.015104166666666667 0.024074074074074074
0 0.7372395833333333 0.6722222222222223 0.014583333333333334 0.022222222222222223
0 0.715625 0.49074074074074076 0.015625 0.025
0 0.6643229166666667 0.5587962962962963 0.016145833333333335 0.025
0 0.67890625 0.46296296296296297 0.015625 0.025
0 0.5971354166666667 0.5976851851851852 0.015625 0.025925925925925925
0 0.5950520833333334 0.5398148148148149 0.014583333333333334 0.025925925925925925
0 0.53828125 0.7615740740740741 0.015625 0.025925925925925925
0 0.5354166666666667 0.39444444444444443 0.015104166666666667 0.025
0 0.4270833333333333 0.3212962962962963 0.014583333333333334 0.025
0 0.35572916666666665 0.33796296296296297 0.015104166666666667 0.024074074074074074
0 0.2872395833333333 0.37546296296296294 0.016145833333333335 0.025
0 0.29322916666666665 0.2814814814814815 0.015625 0.024074074074074074
0 0.20989583333333334 0.7185185185185186 0.016666666666666666 0.025925925925925925
0 0.18203125 0.4356481481481482 0.015625 0.024074074074074074
0 0.18645833333333334 0.3143518518518518 0.016145833333333335 0.024074074074074074
