0 0.8236979166666667 0.6523148148148148 0.019270833333333334 0.030555555555555555
0 0.653125 0.5736111111111111 0.016666666666666666 0.027777777777777776
0 0.5299479166666666 0.7333333333333333 0.0203125 0.03425925925925926
0 0.4591145833333333 0.6972222222222222 0.020833333333333332 0.03518518518518519
0 0.6296875 0.6361111111111111 0.018229166666666668 0.03148148148148148
0 0.5916666666666667 0.5861111111111111 0.0171875 0.028703703703703703
0 0.5544270833333333 0.5189814814814815 0.015625 0.025
0 0.4471354166666667 0.5981481481481481 0.0171875 0.028703703703703703
0 0.38567708333333334 0.6291666666666667 0.018229166666666668 0.02962962962962963
0 0.49166666666666664 0.45740740740740743 0.0125 0.023148148148148147
0 0.34739583333333335 0.5740740740740741 0.0171875 0.02962962962962963
0 0.3723958333333333 0.47685185185185186 0.015104166666666667 0.023148148148148147
0 0.3015625 0.4842592592592593 0.015104166666666667 0.023148148148148147
0 0.29765625 0.46435185185185185 0.015104166666666667 0.021296296296296296
0 0.23411458333333332 0.4726851851851852 0.014583333333333334 0.023148148148148147
