0 0.7091145833333333 0.34074074074074073 0.019270833333333334 0.03333333333333333
0 0.72734375 0.4199074074074074 0.020833333333333332 0.03333333333333333
0 0.6552083333333333 0.6337962962962963 0.023958333333333335 0.03981481481481482
0 0.6197916666666666 0.6652777777777777 0.025 0.03888888888888889
0 0.56953125 0.6837962962962963 0.024479166666666666 0.04259259259259259
0 0.48098958333333336 0.5615740740740741 0.022916666666666665 0.03888888888888889
0 0.475 0.42268518518518516 0.020833333333333332 0.03611111111111111
0 0.43203125 0.5203703703703704 0.0234375 0.03796296296296296
0 0.40078125 0.5875 0.0234375 0.037037037037037035
0 0.39401041666666664 0.7245370370370371 0.025 0.027777777777777776
0 0.38697916666666665 0.41712962962962963 0.021354166666666667 0.03518518518518519
