0 0.5276041666666667 0.5939814814814814 0.019791666666666666 0.024074074074074074
0 0.5049479166666667 0.5708333333333333 0.019791666666666666 0.024074074074074074
0 0.51640625 0.5819444444444445 0.0203125 0.024074074074074074
0 0.49322916666666666 0.5824074074074074 0.020833333333333332 0.022222222222222223
0 0.5046875 0.5939814814814814 0.020833333333333332 0.023148148148148147
0 0.48046875 0.5935185185185186 0.0203125 0.024074074074074074
0 0.540625 0.6069444444444444 0.021875 0.025
0 0.5171875 0.6050925925925926 0.019270833333333334 0.021296296296296296
0 0.49244791666666665 0.6069444444444444 0.0203125 0.025925925925925925
0 0.4671875 0.6087962962962963 0.0203125 0.02962962962962963
0 0.553125 0.625 0.0234375 0.03888888888888889
0 0.5296875 0.625462962962963 0.023958333333333335 0.03981481481481482
0 0.5046875 0.625462962962963 0.025 0.03981481481481482
0 0.48072916666666665 0.6263888888888889 0.022395833333333334 0.040740740740740744
0 0.4557291666666667 0.625462962962963 0.023958333333333335 0.040740740740740744
0 0.4661458333333333 0.23055555555555557 0.019270833333333334 0.03148148148148148
