0 0.8322916666666667 0.5060185185185185 0.025520833333333333 0.04259259259259259
0 0.7127604166666667 0.5388888888888889 0.024479166666666666 0.04259259259259259
0 0.6033854166666667 0.5222222222222223 0.024479166666666666 0.04259259259259259
0 0.5130208333333334 0.6439814814814815 0.023958333333333335 0.04259259259259259
0 0.396875 0.7166666666666667 0.0234375 0.040740740740740744
0 0.37552083333333336 0.6680555555555555 0.025 0.041666666666666664
0 0.42864583333333334 0.3597222222222222 0.024479166666666666 0.04259259259259259
0 0.26640625 0.5319444444444444 0.024479166666666666 0.041666666666666664
0 0.246875 0.4222222222222222 0.025520833333333333 0.04351851851851852
0 0.22942708333333334 0.28888888888888886 0.025 0.04259259259259259
