0 0.7184895833333333 0.40555555555555556 0.0203125 0.032407407407407406
0 0.6809895833333334 0.3212962962962963 0.019791666666666666 0.032407407407407406
0 0.5825520833333333 0.2657407407407407 0.01875 0.03148148148148148
0 0.48151041666666666 0.32314814814814813 0.019791666666666666 0.032407407407407406
0 0.36692708333333335 0.32083333333333336 0.019270833333333334 0.032407407407407406
0 0.29739583333333336 0.34444444444444444 0.019791666666666666 0.030555555555555555
0 0.33984375 0.3731481481481482 0.0203125 0.03425925925925926
0 0.54609375 0.5009259259259259 0.022395833333333334 0.037037037037037035
0 0.4828125 0.4837962962962963 0.021354166666666667 0.037037037037037035
0 0.33489583333333334 0.5287037037037037 0.022916666666666665 0.03796296296296296
0 0.2799479166666667 0.5467592592592593 0.0234375 0.03518518518518519
0 0.32578125 0.5666666666666667 0.0234375 0.03611111111111111
0 0.46380208333333334 0.6083333333333333 0.022916666666666665 0.037037037037037035
0 0.6145833333333334 0.6546296296296297 0.024479166666666666 0.03981481481481482
0 0.3221354166666667 0.7180555555555556 0.025 0.037037037037037035
