0 0.7119791666666667 0.3768518518518518 0.0203125 0.02962962962962963
0 0.7145833333333333 0.40185185185185185 0.020833333333333332 0.03333333333333333
0 0.5098958333333333 0.37175925925925923 0.0203125 0.032407407407407406
0 0.5049479166666667 0.34305555555555556 0.019791666666666666 0.032407407407407406
0 0.4674479166666667 0.37916666666666665 0.019791666666666666 0.03333333333333333
0 0.39895833333333336 0.2740740740740741 0.019270833333333334 0.030555555555555555
0 0.36171875 0.28379629629629627 0.01875 0.03148148148148148
0 0.4002604166666667 0.4305555555555556 0.021875 0.03518518518518519
0 0.4552083333333333 0.4513888888888889 0.021875 0.03425925925925926
0 0.7083333333333334 0.5166666666666667 0.022395833333333334 0.037037037037037035
0 0.43984375 0.575 0.0234375 0.03888888888888889
0 0.34348958333333335 0.5180555555555556 0.022916666666666665 0.03518518518518519
0 0.27630208333333334 0.46435185185185185 0.021354166666666667 0.03611111111111111
