0 0.8122395833333333 0.44166666666666665 0.016145833333333335 0.025925925925925925
0 0.7388020833333333 0.6356481481481482 0.015104166666666667 0.025
0 0.66953125 0.5652777777777778 0.015625 0.025
0 0.5989583333333334 0.27870370370370373 0.015104166666666667 0.023148148148148147
0 0.5919270833333333 0.4046296296296296 0.015625 0.025
0 0.6036458333333333 0.6708333333333333 0.015104166666666667 0.024074074074074074
0 0.5354166666666667 0.7513888888888889 0.014583333333333334 0.024074074074074074
0 0.5236979166666667 0.5291666666666667 0.015104166666666667 0.024074074074074074
0 0.44817708333333334 0.2537037037037037 0.014583333333333334 0.024074074074074074
0 0.41380208333333335 0.25277777777777777 0.015625 0.025925925925925925
0 0.4158854166666667 0.45092592592592595 0.015625 0.025925925925925925
0 0.4049479166666667 0.49166666666666664 0.014583333333333334 0.023148148148148147
0 0.41640625 0.5416666666666666 0.015104166666666667 0.024074074074074074
0 0.3606770833333333 0.4986111111111111 0.015625 0.025
0 0.26875 0.6782407407407407 0.016145833333333335 0.025
0 0.25104166666666666 0.6319444444444444 0.015625 0.024074074074074074
