0 0.69765625 0.7236111111111111 0.023958333333333335 0.02962962962962963
0 0.68359375 0.35 0.019791666666666666 0.032407407407407406
0 0.64296875 0.32546296296296295 0.019791666666666666 0.032407407407407406
0 0.5799479166666667 0.4638888888888889 0.021875 0.03611111111111111
0 0.5299479166666666 0.43472222222222223 0.020833333333333332 0.03518518518518519
0 0.3958333333333333 0.3837962962962963 0.0203125 0.03333333333333333
0 0.35052083333333334 0.5699074074074074 0.0234375 0.03796296296296296
0 0.2635416666666667 0.44305555555555554 0.021354166666666667 0.03611111111111111
0 0.2721354166666667 0.5425925925925926 0.022395833333333334 0.03888888888888889
0 0.2375 0.6643518518518519 0.024479166666666666 0.041666666666666664
