0 0.8533854166666667 0.5337962962962963 0.026041666666666668 0.044444444444444446
0 0.5786458333333333 0.5259259259259259 0.024479166666666666 0.041666666666666664
0 0.43255208333333334 0.7638888888888888 0.024479166666666666 0.04259259259259259
0 0.41302083333333334 0.7226851851851852 0.023958333333333335 0.041666666666666664
0 0.39557291666666666 0.5527777777777778 0.023958333333333335 0.041666666666666664
0 0.3770833333333333 0.3837962962962963 0.024479166666666666 0.04351851851851852
0 0.3111979166666667 0.5782407407407407 0.0234375 0.040740740740740744
0 0.290625 0.30925925925925923 0.023958333333333335 0.041666666666666664
0 0.2638020833333333 0.5106481481481482 0.0234375 0.04259259259259259
0 0.24088541666666666 0.5185185185185185 0.025520833333333333 0.04259259259259259
0 0.253125 0.5736111111111111 0.024479166666666666 0.041666666666666664
0 0.19739583333333333 0.8287037037037037 0.023958333333333335 0.041666666666666664
0 0.11770833333333333 0.25601851851851853 0.025520833333333333 0.04259259259259259
0 0.11328125 0.687037037037037 0.025 0.040740740740740744
