0 0.70390625 0.3125 0.016145833333333335 0.025925925925925925
0 0.6791666666666667 0.3587962962962963 0.015104166666666667 0.024074074074074074
0 0.7026041666666667 0.5069444444444444 0.015104166666666667 0.024074074074074074
0 0.6388020833333333 0.6185185185185185 0.014583333333333334 0.023148148148148147
0 0.6143229166666667 0.4842592592592593 0.015104166666666667 0.024074074074074074
0 0.5598958333333334 0.287962962962963 0.015104166666666667 0.025
0 0.4583333333333333 0.2537037037037037 0.015104166666666667 0.024074074074074074
0 0.46822916666666664 0.31157407407407406 0.015104166666666667 0.025925925925925925
0 0.45989583333333334 0.5523148148148148 0.015625 0.025
0 0.37473958333333335 0.3 0.015625 0.024074074074074074
0 0.2596354166666667 0.5597222222222222 0.015104166666666667 0.023148148148148147
0 0.20078125 0.32731481481481484 0.016666666666666666 0.024074074074074074
