0 0.28177083333333336 0.42916666666666664 0.020833333333333332 0.03611111111111111
0 0.49609375 0.25092592592592594 0.018229166666666668 0.030555555555555555
0 0.6643229166666667 0.40925925925925927 0.020833333333333332 0.03333333333333333
0 0.7325520833333333 0.4759259259259259 0.022395833333333334 0.03425925925925926
0 0.6932291666666667 0.5037037037037037 0.022395833333333334 0.03425925925925926
0 0.41484375 0.4703703703703704 0.021875 0.03518518518518519
0 0.4591145833333333 0.6333333333333333 0.024479166666666666 0.03981481481481482
0 0.49140625 0.6907407407407408 0.025 0.041666666666666664
0 0.35572916666666665 0.5791666666666667 0.022916666666666665 0.03888888888888889
0 0.37942708333333336 0.7180555555555556 0.025520833333333333 0.03611111111111111
0 0.2981770833333333 0.6921296296296297 0.025520833333333333 0.040740740740740744
