0 0.8200520833333333 0.6162037037037037 0.015625 0.024074074074074074
0 0.7921875 0.6962962962962963 0.016145833333333335 0.024074074074074074
0 0.7333333333333333 0.5435185185185185 0.015625 0.024074074074074074
0 0.6588541666666666 0.2518518518518518 0.015625 0.025925925925925925
0 0.5848958333333333 0.29305555555555557 0.014583333333333334 0.025
0 0.7140625 0.4791666666666667 0.016145833333333335 0.025925925925925925
0 0.6755208333333333 0.6523148148148148 0.015104166666666667 0.025925925925925925
0 0.4895833333333333 0.7518518518518519 0.014583333333333334 0.025
0 0.54296875 0.5972222222222222 0.015104166666666667 0.024074074074074074
0 0.50625 0.5 0.015625 0.025
0 0.5489583333333333 0.24583333333333332 0.0140625 0.025
0 0.4596354166666667 0.31296296296296294 0.015104166666666667 0.024074074074074074
0 0.20885416666666667 0.5083333333333333 0.015104166666666667 0.023148148148148147
