0 0.7416666666666667 0.7305555555555555 0.015104166666666667 0.023148148148148147
0 0.7606770833333333 0.5421296296296296 0.015104166666666667 0.023148148148148147
0 0.76875 0.3125 0.015104166666666667 0.025
0 0.6692708333333334 0.4148148148148148 0.015625 0.025
0 0.6671875 0.2962962962962963 0.015104166666666667 0.024074074074074074
0 0.5578125 0.7152777777777778 0.015104166666666667 0.025
0 0.540625 0.29074074074074074 0.015104166666666667 0.025925925925925925
0 0.53359375 0.5305555555555556 0.014583333333333334 0.023148148148148147
0 0.48020833333333335 0.6560185185185186 0.015625 0.025925925925925925
0 0.39427083333333335 0.5986111111111111 0.015625 0.025925925925925925
0 0.31354166666666666 0.6046296296296296 0.015625 0.025
0 0.33177083333333335 0.30185185185185187 0.015104166666666667 0.025925925925925925
0 0.1796875 0.475462962962963 0.016145833333333335 0.023148148148148147
0 0.19192708333333333 0.41759259259259257 0.016145833333333335 0.024074074074074074
