0 0.595827380952381 0.6172285714285715 0.021494047619047617 0.03644761904761905
0 0.7281815476190476 0.5296380952380952 0.02130952380952381 0.03291904761904762
0 0.6955744047619048 0.5070095238095238 0.019288690476190477 0.03233333333333334
0 0.5974791666666667 0.4454333333333333 0.01781845238095238 0.030861904761904764
0 0.5312559523809524 0.48613809523809526 0.019473214285714288 0.03174285714285714
0 0.5150922619047619 0.47541428571428573 0.01763392857142857 0.03262380952380953
0 0.45731845238095237 0.4663 0.020389880952380954 0.03203809523809524
0 0.5025982142857143 0.4170714285714286 0.018738095238095238 0.03233333333333334
0 0.5370416666666666 0.4247095238095238 0.01855357142857143 0.030566666666666666
0 0.3359851190476191 0.4679190476190476 0.01763392857142857 0.029980952380952382
0 0.3273511904761905 0.4131 0.01800297619047619 0.029685714285714287
0 0.25442261904761904 0.40134285714285717 0.01763392857142857 0.029685714285714287
0 0.17616666666666667 0.4197142857142857 0.01800297619047619 0.02939047619047619
