0 0.6117019230769231 0.5680862068965518 0.03756730769230769 0.06591379310344828
0 0.11558653846153845 0.4957241379310344 0.04020192307692308 0.06646551724137931
0 0.1457019230769231 0.6845 0.03721153846153846 0.06175862068965517
0 0.79975 0.5543448275862068 0.038461538461538464 0.06362068965517241
0 0.7115480769230769 0.4068103448275862 0.04008653846153846 0.06920689655172414
0 0.8938846153846154 0.3871551724137931 0.03776923076923077 0.07165517241379311
0 0.6596730769230769 0.400948275862069 0.038480769230769235 0.07427586206896551
0 0.5802692307692308 0.5262758620689655 0.03701923076923077 0.06639655172413793
0 0.759951923076923 0.2969827586206897 0.035778846153846154 0.06906896551724138
0 0.2258269230769231 0.885603448275862 0.039586538461538465 0.06627586206896552
0 0.9299807692307692 0.3538448275862069 0.03703846153846154 0.06998275862068966
0 0.4523653846153846 0.4036724137931034 0.03833653846153846 0.06858620689655173
0 0.7249615384615385 0.2753103448275862 0.038730769230769235 0.0716896551724138
0 0.7876538461538461 0.2572758620689655 0.04116346153846154 0.0753448275862069
0 0.6407211538461539 0.4848103448275862 0.03840384615384615 0.06567241379310346
0 0.8153076923076923 0.7543103448275862 0.03766346153846154 0.06896551724137931
