0 0.68359375 0.2337962962962963 0.019270833333333334 0.03148148148148148
0 0.7315104166666667 0.5402777777777777 0.0234375 0.037037037037037035
0 0.6526041666666667 0.3347222222222222 0.019791666666666666 0.032407407407407406
0 0.6106770833333334 0.38287037037037036 0.020833333333333332 0.03425925925925926
0 0.5994791666666667 0.4300925925925926 0.021354166666666667 0.03518518518518519
0 0.49635416666666665 0.32916666666666666 0.019791666666666666 0.032407407407407406
0 0.29192708333333334 0.4583333333333333 0.021875 0.03425925925925926
0 0.2708333333333333 0.5069444444444444 0.022395833333333334 0.03611111111111111
0 0.2669270833333333 0.5643518518518519 0.0234375 0.03888888888888889
0 0.29635416666666664 0.5916666666666667 0.023958333333333335 0.03888888888888889
0 0.40703125 0.625462962962963 0.023958333333333335 0.037037037037037035
0 0.5028645833333333 0.6606481481481481 0.024479166666666666 0.03981481481481482
0 0.4549479166666667 0.6787037037037037 0.025 0.041666666666666664
0 0.3841145833333333 0.7097222222222223 0.026041666666666668 0.041666666666666664
