0 0.6630208333333333 0.4828703703703704 0.019270833333333334 0.03148148148148148
0 0.625 0.6722222222222223 0.025 0.041666666666666664
0 0.5458333333333333 0.6166666666666667 0.022916666666666665 0.03796296296296296
0 0.421875 0.6287037037037037 0.0234375 0.03888888888888889
0 0.5013020833333334 0.4962962962962963 0.019270833333333334 0.032407407407407406
0 0.4747395833333333 0.4513888888888889 0.018229166666666668 0.02962962962962963
0 0.42109375 0.42407407407407405 0.0171875 0.028703703703703703
0 0.42135416666666664 0.3921296296296296 0.016145833333333335 0.026851851851851852
0 0.27395833333333336 0.5421296296296296 0.021354166666666667 0.03425925925925926
0 0.30859375 0.4185185185185185 0.0171875 0.027777777777777776
0 0.35234375 0.3384259259259259 0.015104166666666667 0.024074074074074074
