0 0.7473958333333334 0.6958333333333333 0.025 0.03981481481481482
0 0.7315104166666667 0.5398148148148149 0.022395833333333334 0.03425925925925926
0 0.6838541666666667 0.2337962962962963 0.019270833333333334 0.030555555555555555
0 0.65234375 0.3347222222222222 0.019791666666666666 0.032407407407407406
0 0.6106770833333334 0.38287037037037036 0.020833333333333332 0.03333333333333333
0 0.5994791666666667 0.42962962962962964 0.021354166666666667 0.03425925925925926
0 0.49661458333333336 0.32916666666666666 0.019791666666666666 0.032407407407407406
0 0.5026041666666666 0.6601851851851852 0.024479166666666666 0.040740740740740744
0 0.4552083333333333 0.6800925925925926 0.025 0.04259259259259259
0 0.384375 0.7092592592592593 0.025520833333333333 0.040740740740740744
0 0.40703125 0.625462962962963 0.023958333333333335 0.03888888888888889
0 0.29192708333333334 0.45740740740740743 0.021875 0.03333333333333333
0 0.33984375 0.5583333333333333 0.0234375 0.03796296296296296
0 0.296875 0.5907407407407408 0.023958333333333335 0.03796296296296296
0 0.2674479166666667 0.5643518518518519 0.0234375 0.03796296296296296
