0 0.39257440476190475 0.589795238095238 0.013321428571428571 0.02312857142857143
0 0.4544345238095238 0.5827666666666667 0.01374702380952381 0.02312857142857143
0 0.45989285714285716 0.5578238095238095 0.013038690476190476 0.021314285714285713
0 0.3472916666666667 0.5122428571428571 0.011761904761904763 0.0195
0 0.4110684523809524 0.4361666666666667 0.0100625 0.01655238095238095
0 0.31625595238095233 0.4951238095238095 0.011479166666666667 0.01881904761904762
0 0.35324404761904765 0.41122380952380955 0.009779761904761904 0.015647619047619046
0 0.3141309523809524 0.42154285714285716 0.009494047619047619 0.01587142857142857
0 0.3244761904761905 0.45068095238095235 0.0100625 0.017461904761904762
0 0.30555654761904766 0.4738095238095238 0.011053571428571428 0.018366666666666667
0 0.4299880952380952 0.4339 0.009636904761904763 0.015647619047619046
0 0.5573273809523809 0.5765285714285715 0.013464285714285715 0.02244761904761905
0 0.6243630952380953 0.5564619047619047 0.012895833333333332 0.021314285714285713
0 0.52225 0.4852619047619047 0.011339285714285715 0.01904761904761905
0 0.4297053571428571 0.5192761904761904 0.01162202380952381 0.01995238095238095
