0 0.3425803571428571 0.4401380952380952 0.01594345238095238 0.025852380952380953
0 0.20641964285714287 0.5195571428571428 0.015306547619047619 0.02550952380952381
0 0.4563125 0.725 0.015517857142857142 0.02619047619047619
0 0.5215773809523809 0.6880952380952381 0.015517857142857142 0.025852380952380953
0 0.7143928571428572 0.6976190476190476 0.015517857142857142 0.02449047619047619
0 0.7339494047619048 0.5904761904761905 0.015517857142857142 0.025852380952380953
0 0.6894136904761904 0.5498285714285714 0.015306547619047619 0.02482857142857143
0 0.3487470238095238 0.39472857142857143 0.015092261904761905 0.02550952380952381
0 0.21492261904761906 0.6263619047619047 0.01488095238095238 0.02550952380952381
0 0.328125 0.6496619047619048 0.015517857142857142 0.02517142857142857
0 0.3875416666666667 0.7199 0.015306547619047619 0.02550952380952381
0 0.7777410714285714 0.41904761904761906 0.01594345238095238 0.025852380952380953
0 0.7777410714285714 0.2760190476190476 0.015517857142857142 0.02550952380952381
0 0.5635625 0.3159857142857143 0.015732142857142858 0.025852380952380953
0 0.5890744047619048 0.5459190476190476 0.01488095238095238 0.023809523809523808
