0 0.79921875 0.48194444444444445 0.016145833333333335 0.024074074074074074
0 0.7619791666666667 0.549074074074074 0.015104166666666667 0.023148148148148147
0 0.7184895833333333 0.45925925925925926 0.015104166666666667 0.023148148148148147
0 0.70703125 0.4412037037037037 0.015104166666666667 0.024074074074074074
0 0.6544270833333333 0.33935185185185185 0.015625 0.024074074074074074
0 0.61796875 0.2851851851851852 0.015625 0.025
0 0.5260416666666666 0.7023148148148148 0.014583333333333334 0.024074074074074074
0 0.4283854166666667 0.37175925925925923 0.016145833333333335 0.025925925925925925
0 0.2984375 0.3648148148148148 0.015104166666666667 0.024074074074074074
0 0.2830729166666667 0.4777777777777778 0.016145833333333335 0.025
0 0.20598958333333334 0.612037037037037 0.015625 0.023148148148148147
