0 0.511702380952381 0.6736142857142857 0.01375595238095238 0.023423809523809524
0 0.7597738095238096 0.624195238095238 0.01375595238095238 0.02084761904761905
0 0.5422291666666667 0.5184666666666666 0.011101190476190475 0.018404761904761903
0 0.5040625000000001 0.5277333333333334 0.011020833333333334 0.018404761904761903
0 0.4279672619047619 0.5098476190476191 0.010375 0.01711904761904762
0 0.29637202380952377 0.5219428571428572 0.010860119047619049 0.017633333333333334
0 0.6208184523809523 0.6312761904761905 0.013675595238095238 0.02290952380952381
0 0.4708809523809524 0.5035380952380952 0.010779761904761905 0.018147619047619048
0 0.49428869047619045 0.4702047619047619 0.010458333333333333 0.0166
0 0.40894345238095237 0.4883523809523809 0.010458333333333333 0.01711904761904762
0 0.30630654761904763 0.5306285714285714 0.011583333333333334 0.01879047619047619
0 0.4648095238095238 0.6309523809523809 0.013270833333333334 0.022266666666666667
0 0.5703422619047619 0.5496761904761904 0.012145833333333335 0.019819047619047618
