0 0.5955729166666667 0.7384259259259259 0.021354166666666667 0.03518518518518519
0 0.66796875 0.6884259259259259 0.020833333333333332 0.03333333333333333
0 0.69375 0.6805555555555556 0.019791666666666666 0.032407407407407406
0 0.7635416666666667 0.5935185185185186 0.017708333333333333 0.02962962962962963
0 0.6549479166666666 0.6138888888888889 0.017708333333333333 0.02962962962962963
0 0.6864583333333333 0.5745370370370371 0.0171875 0.02962962962962963
0 0.6330729166666667 0.4875 0.015104166666666667 0.024074074074074074
0 0.5502604166666667 0.47638888888888886 0.015625 0.025
0 0.5203125 0.44166666666666665 0.013541666666666667 0.023148148148148147
0 0.45859375 0.4722222222222222 0.014583333333333334 0.024074074074074074
0 0.43645833333333334 0.48564814814814816 0.015104166666666667 0.025
0 0.40651041666666665 0.46111111111111114 0.0140625 0.025
0 0.4466145833333333 0.36898148148148147 0.013020833333333334 0.020370370370370372
0 0.24973958333333332 0.4685185185185185 0.015104166666666667 0.025
