0 0.6778645833333333 0.7972222222222223 0.023958333333333335 0.03888888888888889
0 0.75390625 0.8069444444444445 0.023958333333333335 0.03888888888888889
0 0.7294270833333333 0.7569444444444444 0.022916666666666665 0.037037037037037035
0 0.7072916666666667 0.7407407407407407 0.022916666666666665 0.03611111111111111
0 0.7018229166666666 0.6930555555555555 0.021875 0.03425925925925926
0 0.7682291666666666 0.6800925925925926 0.020833333333333332 0.03425925925925926
0 0.7213541666666666 0.6444444444444445 0.019791666666666666 0.03148148148148148
0 0.5278645833333333 0.7449074074074075 0.022395833333333334 0.037037037037037035
0 0.6234375 0.5541666666666667 0.0171875 0.028703703703703703
0 0.5255208333333333 0.5069444444444444 0.015625 0.025
0 0.5015625 0.44537037037037036 0.014583333333333334 0.023148148148148147
0 0.38046875 0.4898148148148148 0.015625 0.025925925925925925
0 0.3416666666666667 0.4685185185185185 0.015104166666666667 0.024074074074074074
0 0.2390625 0.5152777777777777 0.016666666666666666 0.025925925925925925
