0 0.57109375 0.7171296296296297 0.019791666666666666 0.03148148148148148
0 0.6135416666666667 0.6833333333333333 0.019270833333333334 0.03148148148148148
0 0.6346354166666667 0.7226851851851852 0.0203125 0.032407407407407406
0 0.5953125 0.6708333333333333 0.01875 0.02962962962962963
0 0.58984375 0.6319444444444444 0.017708333333333333 0.028703703703703703
0 0.6440104166666667 0.6189814814814815 0.0171875 0.027777777777777776
0 0.6049479166666667 0.5916666666666667 0.015625 0.025925925925925925
0 0.42734375 0.6824074074074075 0.01875 0.027777777777777776
0 0.5229166666666667 0.5203703703703704 0.0140625 0.023148148148148147
0 0.44088541666666664 0.4837962962962963 0.013541666666666667 0.021296296296296296
0 0.41953125 0.43425925925925923 0.011979166666666667 0.019444444444444445
0 0.31796875 0.4736111111111111 0.013541666666666667 0.022222222222222223
0 0.284375 0.45694444444444443 0.013020833333333334 0.020370370370370372
0 0.19713541666666667 0.49953703703703706 0.014583333333333334 0.023148148148148147
