0 0.35597321428571427 0.6285714285714286 0.026997023809523808 0.044219047619047616
0 0.36224404761904766 0.4399666666666666 0.02338392857142857 0.03911428571428571
0 0.2868839285714286 0.3806142857142857 0.02189583333333333 0.03605238095238095
0 0.5081845238095238 0.33163333333333334 0.020622023809523812 0.0346952380952381
0 0.5877976190476191 0.6285714285714286 0.0280625 0.0449
0 0.7046130952380952 0.7028904761904762 0.030398809523809522 0.04523809523809524
0 0.8330148809523809 0.5971095238095239 0.027422619047619046 0.04523809523809524
0 0.7892232142857143 0.5576523809523809 0.026574404761904764 0.04251904761904762
0 0.5977886904761904 0.7489809523809523 0.030187500000000003 0.04693809523809524
0 0.26466964285714284 0.4976190476190476 0.025086309523809525 0.04081428571428571
0 0.49851190476190477 0.38775714285714286 0.022532738095238092 0.03673333333333333
0 0.6282946428571429 0.5712571428571429 0.025723214285714287 0.04387619047619048
