0 0.4067589285714286 0.31489999999999996 0.016607142857142855 0.026814285714285714
0 0.4748541666666667 0.39425714285714286 0.016910714285714286 0.027538095238095237
0 0.38169345238095237 0.5812380952380952 0.016607142857142855 0.028504761904761904
0 0.4839880952380953 0.5701285714285714 0.01585416666666667 0.02560952380952381
0 0.5141845238095238 0.7054095238095237 0.016458333333333332 0.02560952380952381
0 0.6693244047619047 0.7305333333333333 0.016607142857142855 0.02560952380952381
0 0.830202380952381 0.6444142857142857 0.016154761904761904 0.02536666666666667
0 0.7411934523809524 0.5597380952380953 0.016607142857142855 0.025123809523809524
0 0.8305773809523809 0.5373904761904762 0.01811904761904762 0.026333333333333334
0 0.7071458333333334 0.47772380952380955 0.01675892857142857 0.027299999999999998
0 0.7486696428571429 0.3431619047619048 0.016154761904761904 0.027299999999999998
0 0.7931339285714285 0.3502904761904762 0.01600595238095238 0.02560952380952381
