0 0.296875 0.4543269230769231 0.020432692307692308 0.03365384615384615
0 0.28966346153846156 0.5528846153846154 0.02403846153846154 0.040865384615384616
0 0.7355769230769231 0.5973557692307693 0.026442307692307692 0.040865384615384616
0 0.39783653846153844 0.8846153846153846 0.028846153846153848 0.051682692307692304
0 0.5757211538461539 0.8930288461538461 0.03245192307692308 0.054086538461538464
0 0.4206730769230769 0.9038461538461539 0.028846153846153848 0.054086538461538464
0 0.5132211538461539 0.9146634615384616 0.028846153846153848 0.04807692307692308
0 0.4495192307692308 0.9158653846153846 0.03125 0.05048076923076923
0 0.3329326923076923 0.9182692307692307 0.03245192307692308 0.046875
0 0.4855769230769231 0.9266826923076923 0.03245192307692308 0.036057692307692304
