0 0.7079326923076923 0.5432692307692307 0.027644230769230768 0.04326923076923077
0 0.16826923076923078 0.8605769230769231 0.03245192307692308 0.05048076923076923
0 0.39903846153846156 0.8834134615384616 0.03245192307692308 0.054086538461538464
0 0.5745192307692307 0.890625 0.03365384615384615 0.054086538461538464
0 0.3605769230769231 0.8930288461538461 0.03245192307692308 0.05048076923076923
0 0.4206730769230769 0.9050480769230769 0.03125 0.057692307692307696
0 0.5132211538461539 0.9134615384615384 0.03245192307692308 0.051682692307692304
0 0.3329326923076923 0.9158653846153846 0.03125 0.046875
0 0.4483173076923077 0.9170673076923077 0.03365384615384615 0.051682692307692304
0 0.4855769230769231 0.9254807692307693 0.03245192307692308 0.03365384615384615
