0 0.7263020833333333 0.6726851851851852 0.0171875 0.025925925925925925
0 0.62734375 0.5958333333333333 0.015104166666666667 0.025925925925925925
0 0.5505208333333333 0.6032407407407407 0.015104166666666667 0.025
0 0.528125 0.6134259259259259 0.015625 0.026851851851851852
0 0.5028645833333333 0.6958333333333333 0.017708333333333333 0.030555555555555555
0 0.42239583333333336 0.6601851851851852 0.0171875 0.027777777777777776
0 0.24921875 0.549537037037037 0.015104166666666667 0.024074074074074074
0 0.2796875 0.6 0.015104166666666667 0.020370370370370372
0 0.2791666666666667 0.5578703703703703 0.014583333333333334 0.023148148148148147
0 0.30026041666666664 0.5060185185185185 0.013020833333333334 0.021296296296296296
0 0.32734375 0.5416666666666666 0.0140625 0.022222222222222223
0 0.4205729166666667 0.537962962962963 0.013541666666666667 0.022222222222222223
0 0.4825520833333333 0.5504629629629629 0.0140625 0.023148148148148147
0 0.46640625 0.47685185185185186 0.011979166666666667 0.019444444444444445
0 0.4309895833333333 0.47129629629629627 0.011979166666666667 0.019444444444444445
0 0.40703125 0.43703703703703706 0.011458333333333333 0.017592592592592594
