0 0.653125 0.8097222222222222 0.0234375 0.03796296296296296
0 0.7213541666666666 0.600925925925926 0.018229166666666668 0.02962962962962963
0 0.6388020833333333 0.5486111111111112 0.016666666666666666 0.025
0 0.640625 0.5731481481481482 0.016666666666666666 0.027777777777777776
0 0.6411458333333333 0.6865740740740741 0.0203125 0.032407407407407406
0 0.6174479166666667 0.7175925925925926 0.0203125 0.03425925925925926
0 0.56640625 0.8157407407407408 0.0234375 0.037037037037037035
0 0.49583333333333335 0.7097222222222223 0.0203125 0.03518518518518519
0 0.47578125 0.48009259259259257 0.015104166666666667 0.025
0 0.5442708333333334 0.524074074074074 0.015625 0.025
0 0.49661458333333336 0.5541666666666667 0.016666666666666666 0.027777777777777776
0 0.43645833333333334 0.6162037037037037 0.01875 0.02962962962962963
0 0.3020833333333333 0.6208333333333333 0.01875 0.030555555555555555
0 0.31145833333333334 0.4638888888888889 0.0140625 0.023148148148148147
