0 0.8197916666666667 0.7694444444444445 0.015625 0.027777777777777776
0 0.7984375 0.6560185185185186 0.016145833333333335 0.027777777777777776
0 0.7739583333333333 0.48842592592592593 0.015625 0.026851851851851852
0 0.7544270833333333 0.4027777777777778 0.015625 0.025925925925925925
0 0.6885416666666667 0.2865740740740741 0.014583333333333334 0.025925925925925925
0 0.6033854166666667 0.4875 0.014583333333333334 0.025925925925925925
0 0.45416666666666666 0.3763888888888889 0.015104166666666667 0.026851851851851852
0 0.19947916666666668 0.674537037037037 0.016145833333333335 0.027777777777777776
0 0.22864583333333333 0.600925925925926 0.016145833333333335 0.026851851851851852
0 0.23854166666666668 0.4111111111111111 0.016145833333333335 0.027777777777777776
0 0.215625 0.3962962962962963 0.015625 0.025925925925925925
0 0.17265625 0.4013888888888889 0.016145833333333335 0.026851851851851852
