0 0.61015625 0.4912037037037037 0.014583333333333334 0.020370370370370372
0 0.6794270833333333 0.5310185185185186 0.015104166666666667 0.024074074074074074
0 0.6119791666666666 0.5106481481481482 0.0140625 0.023148148148148147
0 0.6140625 0.5962962962962963 0.0171875 0.027777777777777776
0 0.62578125 0.6907407407407408 0.019791666666666666 0.03333333333333333
0 0.5950520833333334 0.6199074074074075 0.018229166666666668 0.028703703703703703
0 0.553125 0.6958333333333333 0.019791666666666666 0.032407407407407406
0 0.5315104166666667 0.47314814814814815 0.013020833333333334 0.021296296296296296
0 0.47421875 0.44074074074074077 0.0125 0.020370370370370372
0 0.3971354166666667 0.4083333333333333 0.011458333333333333 0.017592592592592594
0 0.4895833333333333 0.6134259259259259 0.0171875 0.028703703703703703
0 0.4427083333333333 0.5430555555555555 0.015104166666666667 0.025
0 0.3307291666666667 0.5481481481481482 0.015625 0.025925925925925925
0 0.33697916666666666 0.42824074074074076 0.011979166666666667 0.018518518518518517
0 0.31796875 0.49907407407407406 0.0140625 0.023148148148148147
