0 0.3690104166666667 0.4615740740740741 0.013541666666666667 0.022222222222222223
0 0.6049479166666667 0.5291666666666667 0.015104166666666667 0.025
0 0.6091145833333333 0.5333333333333333 0.015625 0.022222222222222223
0 0.6127604166666667 0.5398148148148149 0.016145833333333335 0.024074074074074074
0 0.6161458333333333 0.5458333333333333 0.015625 0.025
0 0.6229166666666667 0.524537037037037 0.013541666666666667 0.011111111111111112
0 0.6395833333333333 0.5273148148148148 0.0125 0.011111111111111112
0 0.6265625 0.5300925925925926 0.013020833333333334 0.011111111111111112
0 0.63046875 0.5356481481481481 0.013541666666666667 0.011111111111111112
0 0.6567708333333333 0.5291666666666667 0.013541666666666667 0.011111111111111112
0 0.6440104166666667 0.5324074074074074 0.014583333333333334 0.011111111111111112
0 0.675 0.5407407407407407 0.015625 0.028703703703703703
0 0.6625 0.5444444444444444 0.016145833333333335 0.02962962962962963
0 0.64921875 0.5472222222222223 0.016666666666666666 0.02962962962962963
0 0.6359375 0.5504629629629629 0.016666666666666666 0.02962962962962963
0 0.6221354166666667 0.5537037037037037 0.019270833333333334 0.030555555555555555
