0 0.7947916666666667 0.5925925925925926 0.01875 0.027777777777777776
0 0.7606770833333333 0.6050925925925926 0.0171875 0.028703703703703703
0 0.49765625 0.687037037037037 0.019270833333333334 0.03148148148148148
0 0.6302083333333334 0.6513888888888889 0.018229166666666668 0.02962962962962963
0 0.6958333333333333 0.5888888888888889 0.0171875 0.026851851851851852
0 0.69140625 0.549537037037037 0.015625 0.025925925925925925
0 0.6140625 0.49583333333333335 0.0140625 0.023148148148148147
0 0.49322916666666666 0.5291666666666667 0.014583333333333334 0.024074074074074074
0 0.5052083333333334 0.4273148148148148 0.0125 0.019444444444444445
0 0.40208333333333335 0.4009259259259259 0.011458333333333333 0.019444444444444445
0 0.3736979166666667 0.40324074074074073 0.011458333333333333 0.018518518518518517
0 0.36015625 0.45601851851851855 0.013541666666666667 0.021296296296296296
0 0.39453125 0.4828703703703704 0.0140625 0.022222222222222223
0 0.40208333333333335 0.5717592592592593 0.016145833333333335 0.027777777777777776
0 0.4002604166666667 0.5259259259259259 0.015104166666666667 0.024074074074074074
