0 0.6083333333333333 0.4361111111111111 0.013020833333333334 0.020370370370370372
0 0.7013020833333333 0.5106481481481482 0.014583333333333334 0.023148148148148147
0 0.67890625 0.5763888888888888 0.016145833333333335 0.025925925925925925
0 0.6359375 0.549074074074074 0.015625 0.025
0 0.6059895833333333 0.5726851851851852 0.016145833333333335 0.026851851851851852
0 0.5455729166666666 0.5601851851851852 0.015625 0.025925925925925925
0 0.5 0.44305555555555554 0.013020833333333334 0.020370370370370372
0 0.4984375 0.49722222222222223 0.0140625 0.023148148148148147
0 0.4596354166666667 0.4537037037037037 0.013020833333333334 0.022222222222222223
0 0.359375 0.5050925925925925 0.0140625 0.024074074074074074
0 0.35885416666666664 0.4671296296296296 0.013541666666666667 0.021296296296296296
0 0.44088541666666664 0.41574074074074074 0.011979166666666667 0.020370370370370372
0 0.3802083333333333 0.38333333333333336 0.0109375 0.014814814814814815
0 0.38229166666666664 0.39444444444444443 0.0109375 0.018518518518518517
