0 0.7716145833333333 0.6791666666666667 0.019791666666666666 0.032407407407407406
0 0.7244791666666667 0.7148148148148148 0.0203125 0.03148148148148148
0 0.6677083333333333 0.6805555555555556 0.019791666666666666 0.032407407407407406
0 0.6424479166666667 0.6944444444444444 0.019791666666666666 0.032407407407407406
0 0.6453125 0.6444444444444445 0.01875 0.02962962962962963
0 0.6294270833333333 0.6175925925925926 0.0171875 0.028703703703703703
0 0.5848958333333333 0.7074074074074074 0.019791666666666666 0.032407407407407406
0 0.5375 0.7032407407407407 0.019791666666666666 0.032407407407407406
0 0.5744791666666667 0.5921296296296297 0.016666666666666666 0.027777777777777776
0 0.55 0.5976851851851852 0.017708333333333333 0.026851851851851852
0 0.415625 0.6972222222222222 0.019791666666666666 0.03333333333333333
0 0.39739583333333334 0.6615740740740741 0.01875 0.03148148148148148
0 0.403125 0.6185185185185185 0.018229166666666668 0.028703703703703703
0 0.4828125 0.5254629629629629 0.015104166666666667 0.024074074074074074
0 0.44088541666666664 0.49675925925925923 0.013541666666666667 0.023148148148148147
0 0.4375 0.4449074074074074 0.013020833333333334 0.020370370370370372
