0 0.5140625 0.6162037037037037 0.016145833333333335 0.016666666666666666
0 0.5291666666666667 0.6189814814814815 0.014583333333333334 0.017592592592592594
0 0.515625 0.625462962962963 0.015625 0.019444444444444445
0 0.5447916666666667 0.6217592592592592 0.015104166666666667 0.014814814814814815
0 0.5315104166666667 0.6273148148148148 0.0140625 0.014814814814814815
0 0.51875 0.6356481481481482 0.016145833333333335 0.020370370370370372
0 0.5604166666666667 0.625 0.015104166666666667 0.013888888888888888
0 0.5479166666666667 0.6310185185185185 0.0171875 0.01574074074074074
0 0.53515625 0.638425925925926 0.015625 0.017592592592592594
0 0.5208333333333334 0.6462962962962963 0.0171875 0.022222222222222223
0 0.57578125 0.6361111111111111 0.015625 0.026851851851851852
0 0.5638020833333334 0.6416666666666667 0.015104166666666667 0.027777777777777776
0 0.5510416666666667 0.6467592592592593 0.016666666666666666 0.027777777777777776
0 0.53828125 0.6537037037037037 0.015625 0.028703703703703703
0 0.52421875 0.6587962962962963 0.0171875 0.02962962962962963
0 0.4119791666666667 0.4444444444444444 0.011979166666666667 0.019444444444444445
