0 0.5778645833333333 0.20787037037037037 0.019791666666666666 0.032407407407407406
0 0.60546875 0.40185185185185185 0.020833333333333332 0.037037037037037035
0 0.6963541666666667 0.6101851851851852 0.023958333333333335 0.04259259259259259
0 0.5981770833333333 0.6787037037037037 0.024479166666666666 0.04537037037037037
0 0.5197916666666667 0.5277777777777778 0.022916666666666665 0.040740740740740744
0 0.5200520833333333 0.6990740740740741 0.025 0.044444444444444446
0 0.4393229166666667 0.2412037037037037 0.01875 0.03425925925925926
0 0.2908854166666667 0.48148148148148145 0.021875 0.040740740740740744
0 0.36302083333333335 0.7268518518518519 0.025520833333333333 0.04722222222222222
0 0.25234375 0.749537037037037 0.025520833333333333 0.03888888888888889
