0 0.621875 0.4046296296296296 0.017708333333333333 0.025925925925925925
0 0.6221354166666667 0.42916666666666664 0.018229166666666668 0.032407407407407406
0 0.66171875 0.5504629629629629 0.021354166666666667 0.03611111111111111
0 0.5174479166666667 0.6416666666666667 0.022916666666666665 0.03888888888888889
0 0.446875 0.6231481481481481 0.022395833333333334 0.03518518518518519
0 0.41770833333333335 0.6458333333333334 0.022395833333333334 0.03611111111111111
0 0.45208333333333334 0.6444444444444445 0.022916666666666665 0.040740740740740744
0 0.41302083333333334 0.5884259259259259 0.021354166666666667 0.03796296296296296
0 0.3893229166666667 0.6347222222222222 0.022395833333333334 0.040740740740740744
0 0.4161458333333333 0.6819444444444445 0.022916666666666665 0.040740740740740744
0 0.49713541666666666 0.7171296296296297 0.0234375 0.04351851851851852
