0 0.23590178571428572 0.5117190476190475 0.018104166666666668 0.029323809523809523
0 0.2721071428571428 0.5092142857142856 0.01944345238095238 0.03075238095238095
0 0.3499970238095238 0.41606190476190474 0.015645833333333335 0.02539047619047619
0 0.439172619047619 0.4672 0.018327380952380953 0.02968095238095238
0 0.3447440476190476 0.5381809523809524 0.01944345238095238 0.03218571428571429
0 0.3588244047619048 0.4747095238095238 0.018550595238095238 0.02968095238095238
0 0.4766071428571429 0.6433142857142857 0.02257440476190476 0.03719047619047619
0 0.5077857142857143 0.7604285714285715 0.025032738095238094 0.039695238095238096
0 0.5746130952380952 0.6762142857142857 0.025032738095238094 0.036476190476190475
0 0.6181934523809525 0.7262761904761905 0.022797619047619046 0.040766666666666666
0 0.5537142857142857 0.5676857142857143 0.020785714285714286 0.032542857142857144
0 0.7534107142857143 0.6304428571428572 0.02324404761904762 0.0379047619047619
0 0.7196607142857143 0.5417571428571429 0.019666666666666666 0.0329
0 0.6944077380952381 0.5290619047619047 0.02011607142857143 0.03325714285714286
0 0.48007142857142854 0.44431428571428566 0.01743154761904762 0.02968095238095238
