0 0.554610119047619 0.6481428571428571 0.01988988095238095 0.03325714285714286
0 0.5886934523809524 0.6331238095238095 0.019666666666666666 0.033971428571428576
0 0.6209880952380953 0.6406333333333333 0.020339285714285716 0.032542857142857144
0 0.683342261904762 0.5832380952380952 0.018997023809523807 0.029323809523809523
0 0.5068928571428571 0.49098095238095235 0.016092261904761904 0.026461904761904763
0 0.5762886904761905 0.5324619047619048 0.018104166666666668 0.029323809523809523
0 0.4595208333333333 0.5566809523809524 0.017083333333333332 0.030566666666666666
0 0.43518154761904765 0.5585904761904762 0.01800297619047619 0.0291
0 0.2705892857142857 0.5766666666666667 0.019473214285714288 0.03233333333333334
0 0.18939285714285714 0.4413190476190476 0.016898809523809524 0.024395238095238095
0 0.409922619047619 0.4433761904761905 0.013776785714285714 0.022633333333333335
0 0.38209226190476187 0.4009047619047619 0.014696428571428572 0.025276190476190476
