0 0.19759523809523807 0.27578095238095235 0.018875 0.029566666666666668
0 0.31253571428571425 0.33284285714285716 0.01549702380952381 0.02988095238095238
0 0.4632410714285714 0.30216666666666664 0.01688988095238095 0.028295238095238096
0 0.5683482142857144 0.29914761904761905 0.018479166666666668 0.02988095238095238
0 0.6904434523809524 0.2699 0.017485119047619048 0.031152380952380952
0 0.7224315476190476 0.4337761904761904 0.01811904761904762 0.02575238095238095
0 0.6993720238095238 0.45525714285714286 0.016910714285714286 0.027780952380952382
0 0.6989940476190476 0.5116666666666667 0.016154761904761904 0.02609047619047619
0 0.5422589285714285 0.4828238095238095 0.01775892857142857 0.029838095238095236
0 0.5331577380952381 0.5155 0.018202380952380953 0.02936190476190476
0 0.17936011904761903 0.6448714285714285 0.018598214285714287 0.02678095238095238
0 0.4755714285714286 0.7275238095238095 0.017976190476190475 0.024795238095238096
