0 0.5609375 0.61953125 0.028125 0.028125
0 0.728125 0.48984375 0.025 0.0234375
0 0.87421875 0.37109375 0.0265625 0.0265625
0 0.85234375 0.3546875 0.028125 0.028125
0 0.85234375 0.4 0.0265625 0.0265625
0 0.84765625 0.321875 0.025 0.025
0 0.69375 0.64140625 0.0265625 0.0265625
0 0.53125 0.31953125 0.0296875 0.028125
0 0.72734375 0.34609375 0.028125 0.0296875
0 0.7515625 0.64765625 0.028125 0.0296875
0 0.67890625 0.35234375 0.025 0.025
0 0.46328125 0.6296875 0.0296875 0.028125
0 0.71328125 0.5828125 0.0265625 0.0265625
0 0.86015625 0.60859375 0.0296875 0.028125
0 0.2125 0.5015625 0.0296875 0.028125
