0 0.6828125 0.675 0.0265625 0.0265625
0 0.52578125 0.61953125 0.025 0.021875
0 0.75625 0.50390625 0.0265625 0.0265625
0 0.87734375 0.60859375 0.028125 0.0265625
0 0.896875 0.496875 0.028125 0.025
0 0.11484375 0.56171875 0.0265625 0.025
0 0.33359375 0.42890625 0.0265625 0.025
0 0.55625 0.325 0.028125 0.0265625
0 0.9078125 0.3265625 0.0265625 0.028125
0 0.546875 0.640625 0.0265625 0.028125
0 0.69765625 0.39453125 0.0296875 0.0265625
0 0.34375 0.64140625 0.028125 0.0265625
0 0.5140625 0.3203125 0.0265625 0.0265625
0 0.84140625 0.65703125 0.028125 0.0265625
0 0.21484375 0.46171875 0.028125 0.0265625
