0 0.43359375 0.47890625 0.0296875 0.0296875
0 0.721875 0.553125 0.0265625 0.025
0 0.8953125 0.4796875 0.028125 0.028125
0 0.87890625 0.45703125 0.0296875 0.0296875
0 0.86640625 0.50078125 0.028125 0.028125
0 0.8828125 0.425 0.0265625 0.0265625
0 0.64765625 0.6890625 0.028125 0.028125
0 0.5796875 0.33515625 0.03125 0.0296875
0 0.7609375 0.4140625 0.0296875 0.03125
0 0.70078125 0.71171875 0.0296875 0.03125
0 0.71328125 0.4078125 0.0265625 0.0265625
0 0.325 0.61796875 0.03125 0.0296875
0 0.68203125 0.63828125 0.028125 0.028125
0 0.81640625 0.703125 0.03125 0.0296875
0 0.2234375 0.42265625 0.03125 0.0296875
