0 0.3296875 0.415625 0.0234375 0.0234375
0 0.34296875 0.471875 0.0234375 0.025
0 0.6765625 0.3078125 0.025 0.025
0 0.54453125 0.61953125 0.025 0.025
0 0.2546875 0.3234375 0.0265625 0.025
0 0.8796875 0.3109375 0.025 0.025
0 0.73984375 0.62109375 0.025 0.025
0 0.15078125 0.3703125 0.028125 0.025
0 0.58046875 0.65625 0.025 0.025
0 0.7765625 0.5109375 0.025 0.025
0 0.45546875 0.54296875 0.0265625 0.0234375
0 0.5890625 0.5015625 0.025 0.025
0 0.43203125 0.4421875 0.0265625 0.0234375
0 0.63671875 0.38515625 0.025 0.025
