0 0.7921875 0.58515625 0.0265625 0.025
0 0.12890625 0.42578125 0.025 0.0234375
0 0.51875 0.32734375 0.0265625 0.0265625
0 0.8140625 0.5453125 0.028125 0.025
0 0.84140625 0.40390625 0.0265625 0.0265625
0 0.84375 0.54453125 0.028125 0.0265625
0 0.821875 0.38125 0.0265625 0.0265625
0 0.87890625 0.61640625 0.0265625 0.0265625
0 0.16953125 0.42890625 0.028125 0.0265625
0 0.75234375 0.33671875 0.0296875 0.0265625
0 0.4953125 0.3125 0.0265625 0.0265625
0 0.88828125 0.709375 0.0265625 0.0265625
0 0.1640625 0.49921875 0.03125 0.0265625
0 0.76953125 0.6546875 0.0296875 0.0265625
0 0.35859375 0.65625 0.0265625 0.025
0 0.2609375 0.48984375 0.0296875 0.0265625
