0 0.3546875 0.37734375 0.028125 0.028125
0 0.35390625 0.43515625 0.0296875 0.0296875
0 0.71796875 0.35625 0.03125 0.03125
0 0.51484375 0.6265625 0.03125 0.03125
0 0.3046875 0.26953125 0.0328125 0.03125
0 0.90546875 0.496875 0.034375 0.03125
0 0.70390625 0.67578125 0.03125 0.03125
0 0.1921875 0.28984375 0.034375 0.03125
0 0.53984375 0.67109375 0.03125 0.03125
0 0.765625 0.57734375 0.03125 0.03125
0 0.44609375 0.53125 0.03125 0.0296875
0 0.5859375 0.5234375 0.03125 0.03125
0 0.503125 0.3734375 0.03125 0.034375
