0 0.16484375 0.43125 0.0296875 0.025
0 0.4671875 0.5296875 0.028125 0.028125
0 0.19140625 0.70859375 0.0296875 0.025
0 0.74609375 0.47265625 0.0265625 0.0265625
0 0.8375 0.45546875 0.0265625 0.0234375
0 0.846875 0.43359375 0.028125 0.025
0 0.578125 0.38203125 0.025 0.0265625
0 0.853125 0.340625 0.0265625 0.028125
0 0.8 0.3796875 0.0265625 0.028125
0 0.70078125 0.47421875 0.0265625 0.0265625
0 0.87265625 0.59453125 0.028125 0.0265625
0 0.68984375 0.659375 0.028125 0.0265625
0 0.571875 0.6734375 0.025 0.0265625
0 0.4765625 0.6765625 0.0265625 0.0265625
0 0.7109375 0.4984375 0.0234375 0.0265625
0 0.73125 0.31875 0.025 0.0265625
