0 0.63359375 0.57265625 0.0265625 0.025
0 0.12109375 0.46015625 0.025 0.0234375
0 0.884375 0.5734375 0.03125 0.0265625
0 0.8375 0.43828125 0.028125 0.025
0 0.2875 0.571875 0.0296875 0.025
0 0.83125 0.375 0.0265625 0.0265625
0 0.35625 0.6546875 0.028125 0.0265625
0 0.653125 0.5859375 0.0265625 0.0265625
0 0.70546875 0.625 0.0265625 0.0265625
0 0.16484375 0.4578125 0.028125 0.0265625
0 0.7375 0.315625 0.0296875 0.0265625
0 0.47109375 0.3125 0.0265625 0.0265625
0 0.50625 0.31796875 0.0265625 0.0265625
0 0.16484375 0.528125 0.03125 0.0265625
0 0.72109375 0.33515625 0.0296875 0.0265625
0 0.66015625 0.45546875 0.0265625 0.025
