0 0.65625 0.4046875 0.0296875 0.0296875
0 0.68515625 0.46875 0.0296875 0.028125
0 0.82265625 0.396875 0.0328125 0.0328125
0 0.74140625 0.32890625 0.03125 0.0296875
0 0.171875 0.68203125 0.0328125 0.0328125
0 0.43984375 0.6421875 0.028125 0.028125
0 0.590625 0.66328125 0.028125 0.0296875
0 0.82734375 0.59921875 0.0296875 0.0296875
0 0.640625 0.49765625 0.0296875 0.0296875
0 0.4328125 0.35546875 0.0296875 0.0296875
0 0.771875 0.2734375 0.0296875 0.0296875
0 0.79140625 0.28984375 0.0296875 0.0296875
