0 0.4625 0.49765625 0.084375 0.084375
0 0.49765625 0.43984375 0.0796875 0.084375
0 0.465625 0.3921875 0.078125 0.0765625
0 0.403125 0.39921875 0.0734375 0.0765625
0 0.40859375 0.30625 0.0671875 0.0671875
0 0.528125 0.28671875 0.0734375 0.0734375
0 0.5609375 0.32734375 0.075 0.075
0 0.434375 0.3484375 0.075 0.071875
0 0.35546875 0.3171875 0.0703125 0.0703125
0 0.37578125 0.35859375 0.071875 0.071875
0 0.46796875 0.29765625 0.0734375 0.0765625
0 0.49609375 0.3375 0.071875 0.075
0 0.52890625 0.3828125 0.0796875 0.08125
0 0.59140625 0.2765625 0.0796875 0.08125
0 0.43125 0.446875 0.075 0.078125
