0 0.66640625 0.6962962962962963 0.025520833333333333 0.044444444444444446
0 0.6533854166666667 0.5157407407407407 0.022395833333333334 0.040740740740740744
0 0.6578125 0.28888888888888886 0.019270833333333334 0.03611111111111111
0 0.6158854166666666 0.4671296296296296 0.021354166666666667 0.040740740740740744
0 0.5752604166666667 0.4351851851851852 0.021354166666666667 0.03888888888888889
0 0.5513020833333333 0.29074074074074074 0.019791666666666666 0.03518518518518519
0 0.5 0.4046296296296296 0.021354166666666667 0.03981481481481482
0 0.5328125 0.5273148148148148 0.022916666666666665 0.03981481481481482
0 0.5109375 0.6148148148148148 0.0234375 0.04351851851851852
0 0.5247395833333334 0.6430555555555556 0.024479166666666666 0.041666666666666664
0 0.4203125 0.3263888888888889 0.019791666666666666 0.037037037037037035
0 0.41796875 0.43287037037037035 0.021354166666666667 0.03888888888888889
0 0.3828125 0.7134259259259259 0.025 0.046296296296296294
