0 0.5801101190476191 0.7668666666666667 0.023809523809523808 0.040080952380952384
0 0.5844494047619048 0.5827380952380953 0.018104166666666668 0.03055714285714286
0 0.5793660714285714 0.6585333333333334 0.020833333333333332 0.03610952380952381
0 0.5584077380952381 0.4462285714285715 0.01512797619047619 0.026585714285714285
0 0.41133333333333333 0.550395238095238 0.017610119047619048 0.029366666666666666
0 0.23065476190476192 0.4646809523809524 0.01636904761904762 0.026985714285714286
0 0.2104404761904762 0.4599190476190476 0.01612202380952381 0.02619047619047619
0 0.1722470238095238 0.44860952380952385 0.015625 0.025
0 0.31125892857142856 0.3908714285714286 0.013889880952380952 0.023014285714285713
0 0.365452380952381 0.38412857142857143 0.013639880952380952 0.023014285714285713
0 0.4849940476190476 0.4601190476190476 0.01512797619047619 0.025795238095238097
0 0.5855654761904762 0.45872857142857143 0.015872023809523808 0.025395238095238096
0 0.6194196428571429 0.5462285714285714 0.018601190476190476 0.02976190476190476
0 0.8165922619047619 0.5785714285714286 0.019592261904761904 0.032538095238095234
