0 0.19804166666666664 0.731052380952381 0.01612202380952381 0.02400952380952381
0 0.20535714285714285 0.4043952380952381 0.014651785714285713 0.024176190476190476
0 0.17090178571428571 0.2782047619047619 0.01625595238095238 0.024542857142857144
0 0.349014880952381 0.3410238095238095 0.013505952380952382 0.02344285714285714
0 0.5647886904761905 0.2987190476190476 0.01511011904761905 0.025276190476190476
0 0.6763958333333333 0.3434047619047619 0.01488095238095238 0.024542857142857144
0 0.6808601190476191 0.7069619047619047 0.016026785714285716 0.025642857142857144
0 0.19528273809523808 0.27216190476190477 0.01648214285714286 0.025642857142857144
0 0.3982380952380952 0.7509142857142858 0.015797619047619046 0.024909523809523812
0 0.4254821428571428 0.7340666666666666 0.01488095238095238 0.025642857142857144
0 0.5391488095238095 0.6884619047619047 0.01511011904761905 0.024542857142857144
0 0.6903630952380952 0.5426761904761904 0.015797619047619046 0.025276190476190476
0 0.7385535714285714 0.4600714285714286 0.016026785714285716 0.026371428571428573
0 0.5380029761904762 0.38241904761904766 0.015568452380952382 0.025642857142857144
0 0.6388511904761904 0.4893761904761905 0.015797619047619046 0.024909523809523812
0 0.39812202380952383 0.7087904761904762 0.016026785714285716 0.026371428571428573
