0 0.26230654761904765 0.7002857142857143 0.02533630952380952 0.04313809523809524
0 0.33773214285714287 0.5989428571428571 0.02556845238095238 0.041280952380952377
0 0.3544672619047619 0.5662190476190476 0.025104166666666664 0.042023809523809526
0 0.5128065476190476 0.6032523809523809 0.02593452380952381 0.03935714285714286
0 0.5098065476190476 0.7242952380952381 0.026172619047619045 0.027204761904761905
0 0.573139880952381 0.6419142857142857 0.025982142857142856 0.04096190476190476
0 0.6940714285714286 0.7114571428571428 0.025601190476190475 0.04493333333333333
0 0.556985119047619 0.4851095238095238 0.02086607142857143 0.037809523809523814
0 0.6940000000000001 0.4257761904761905 0.022375000000000003 0.035800000000000005
0 0.30889583333333337 0.31785714285714284 0.019648809523809523 0.035242857142857145
