0 0.47930357142857144 0.29829047619047616 0.016053571428571427 0.026580952380952382
0 0.5604672619047619 0.45669523809523804 0.016720238095238094 0.027642857142857143
0 0.6996160714285714 0.5038428571428571 0.015678571428571427 0.02449047619047619
0 0.7418005952380952 0.4450047619047619 0.01680059523809524 0.026880952380952384
0 0.8297976190476191 0.5069333333333333 0.015642857142857142 0.02405714285714286
0 0.7995446428571428 0.7431714285714286 0.016574404761904762 0.025528571428571428
0 0.6960505952380952 0.6826285714285715 0.01595833333333333 0.026404761904761907
0 0.6593720238095238 0.6698619047619048 0.01731845238095238 0.026404761904761907
0 0.8092708333333334 0.33184285714285716 0.017145833333333332 0.027176190476190475
0 0.32435119047619043 0.7563857142857143 0.015217261904761905 0.02434761904761905
