0 0.62109375 0.5208333333333334 0.015104166666666667 0.026851851851851852
0 0.6919270833333333 0.4708333333333333 0.014583333333333334 0.026851851851851852
0 0.69140625 0.42268518518518516 0.015104166666666667 0.025925925925925925
0 0.74375 0.34305555555555556 0.015625 0.026851851851851852
0 0.63125 0.47314814814814815 0.015104166666666667 0.028703703703703703
0 0.6536458333333334 0.3837962962962963 0.015104166666666667 0.028703703703703703
0 0.68828125 0.2791666666666667 0.015104166666666667 0.026851851851851852
0 0.64375 0.2657407407407407 0.015104166666666667 0.026851851851851852
0 0.534375 0.2273148148148148 0.015104166666666667 0.025925925925925925
0 0.5703125 0.4736111111111111 0.015625 0.026851851851851852
0 0.5309895833333333 0.5763888888888888 0.014583333333333334 0.028703703703703703
0 0.3846354166666667 0.30694444444444446 0.016145833333333335 0.028703703703703703
0 0.29973958333333334 0.6736111111111112 0.015625 0.027777777777777776
0 0.2791666666666667 0.47638888888888886 0.016145833333333335 0.028703703703703703
