0 0.5934895833333333 0.48194444444444445 0.0078125 0.009259259259259259
0 0.60390625 0.4847222222222222 0.0078125 0.013888888888888888
0 0.5927083333333333 0.49166666666666664 0.0078125 0.014814814814814815
0 0.59609375 0.49537037037037035 0.0078125 0.012037037037037037
0 0.6265625 0.5018518518518519 0.008854166666666666 0.016666666666666666
0 0.6486979166666667 0.5046296296296297 0.008854166666666666 0.01574074074074074
0 0.6458333333333334 0.5180555555555556 0.008854166666666666 0.011111111111111112
0 0.596875 0.5078703703703704 0.008854166666666666 0.016666666666666666
0 0.5408854166666667 0.49907407407407406 0.0078125 0.014814814814814815
0 0.4669270833333333 0.55 0.010416666666666666 0.019444444444444445
0 0.515625 0.5810185185185185 0.010416666666666666 0.016666666666666666
