0 0.8302083333333333 0.31712962962962965 0.015104166666666667 0.026851851851851852
0 0.7203125 0.41759259259259257 0.0171875 0.026851851851851852
0 0.6856770833333333 0.2726851851851852 0.015104166666666667 0.026851851851851852
0 0.6690104166666667 0.38796296296296295 0.015104166666666667 0.026851851851851852
0 0.6770833333333334 0.7907407407407407 0.015104166666666667 0.028703703703703703
0 0.6341145833333334 0.7060185185185185 0.014583333333333334 0.025925925925925925
0 0.5567708333333333 0.6601851851851852 0.015104166666666667 0.026851851851851852
0 0.571875 0.41898148148148145 0.015625 0.026851851851851852
0 0.5661458333333333 0.3226851851851852 0.015104166666666667 0.027777777777777776
0 0.42083333333333334 0.4777777777777778 0.015625 0.027777777777777776
0 0.38307291666666665 0.22268518518518518 0.015625 0.02962962962962963
