0 0.23148809523809522 0.3226952380952381 0.015842261904761904 0.024038095238095237
0 0.24945238095238095 0.24861904761904763 0.017473214285714286 0.029004761904761905
0 0.3112648809523809 0.25933333333333336 0.016657738095238094 0.029004761904761905
0 0.397 0.40016666666666667 0.01730952380952381 0.027957142857142857
0 0.19221428571428573 0.4900523809523809 0.01763690476190476 0.025347619047619046
0 0.23687797619047618 0.6316714285714286 0.016166666666666666 0.026914285714285717
0 0.33404464285714286 0.6678619047619048 0.016166666666666666 0.023514285714285717
0 0.347110119047619 0.7048333333333334 0.017145833333333332 0.025347619047619046
0 0.3501309523809524 0.7369714285714286 0.01763690476190476 0.026914285714285717
0 0.3347797619047619 0.7616666666666667 0.015678571428571427 0.026128571428571428
0 0.6307083333333333 0.27981904761904763 0.01743154761904762 0.026104761904761905
0 0.7575446428571428 0.41463333333333335 0.015422619047619048 0.02539047619047619
0 0.7148571428571429 0.4409142857142857 0.016761904761904763 0.027176190476190475
0 0.6846845238095238 0.4925904761904762 0.015422619047619048 0.02681904761904762
0 0.6411011904761904 0.732 0.015422619047619048 0.025033333333333335
