0 0.8505208333333333 0.49953703703703706 0.024479166666666666 0.04259259259259259
0 0.7135416666666666 0.4162037037037037 0.025 0.041666666666666664
0 0.40130208333333334 0.7606481481481482 0.023958333333333335 0.041666666666666664
0 0.37135416666666665 0.8092592592592592 0.025 0.041666666666666664
0 0.4002604166666667 0.6652777777777777 0.024479166666666666 0.041666666666666664
0 0.28984375 0.5023148148148148 0.022395833333333334 0.041666666666666664
0 0.2890625 0.4564814814814815 0.023958333333333335 0.040740740740740744
0 0.26145833333333335 0.45185185185185184 0.023958333333333335 0.040740740740740744
0 0.24791666666666667 0.5375 0.024479166666666666 0.041666666666666664
0 0.2421875 0.47453703703703703 0.024479166666666666 0.040740740740740744
0 0.24270833333333333 0.4199074074074074 0.026041666666666668 0.04351851851851852
0 0.22057291666666667 0.4912037037037037 0.023958333333333335 0.04259259259259259
0 0.2078125 0.41435185185185186 0.025 0.04259259259259259
0 0.18697916666666667 0.33796296296296297 0.025 0.04259259259259259
0 0.1296875 0.6152777777777778 0.025520833333333333 0.04351851851851852
