0 0.5697115384615384 0.4074519230769231 0.021634615384615384 0.036057692307692304
0 0.32572115384615385 0.484375 0.021634615384615384 0.037259615384615384
0 0.3016826923076923 0.49158653846153844 0.02283653846153846 0.037259615384615384
0 0.5564903846153846 0.7319711538461539 0.028846153846153848 0.046875
0 0.5 0.7848557692307693 0.03245192307692308 0.046875
0 0.3293269230769231 0.8966346153846154 0.03365384615384615 0.054086538461538464
0 0.38461538461538464 0.9050480769230769 0.03245192307692308 0.051682692307692304
0 0.4639423076923077 0.9146634615384616 0.03365384615384615 0.05048076923076923
0 0.30528846153846156 0.921875 0.03245192307692308 0.039663461538461536
0 0.4182692307692308 0.9266826923076923 0.03365384615384615 0.03245192307692308
