0 0.7080729166666667 0.5796296296296296 0.025 0.04351851851851852
0 0.6138020833333333 0.8074074074074075 0.023958333333333335 0.04351851851851852
0 0.6388020833333333 0.17453703703703705 0.026041666666666668 0.044444444444444446
0 0.56171875 0.15787037037037038 0.025 0.04351851851851852
0 0.35234375 0.3773148148148148 0.023958333333333335 0.04259259259259259
0 0.2526041666666667 0.5 0.0234375 0.041666666666666664
0 0.25885416666666666 0.3907407407407407 0.023958333333333335 0.04259259259259259
0 0.22890625 0.47685185185185186 0.023958333333333335 0.04259259259259259
0 0.21041666666666667 0.3824074074074074 0.024479166666666666 0.04259259259259259
0 0.18567708333333333 0.5319444444444444 0.023958333333333335 0.041666666666666664
0 0.109375 0.36574074074074076 0.024479166666666666 0.04259259259259259
