0 0.8520833333333333 0.425462962962963 0.025520833333333333 0.041666666666666664
0 0.68671875 0.8305555555555556 0.024479166666666666 0.04259259259259259
0 0.6130208333333333 0.8078703703703703 0.024479166666666666 0.04259259259259259
0 0.584375 0.600925925925926 0.025 0.04259259259259259
0 0.6377604166666667 0.175 0.026041666666666668 0.04351851851851852
0 0.5614583333333333 0.15833333333333333 0.025520833333333333 0.04351851851851852
0 0.25859375 0.3912037037037037 0.023958333333333335 0.04259259259259259
0 0.2520833333333333 0.5 0.023958333333333335 0.041666666666666664
0 0.2328125 0.649537037037037 0.024479166666666666 0.041666666666666664
0 0.159375 0.5055555555555555 0.024479166666666666 0.041666666666666664
0 0.14401041666666667 0.2125 0.025 0.041666666666666664
