0 0.8153645833333333 0.18518518518518517 0.0234375 0.040740740740740744
0 0.8169270833333333 0.3013888888888889 0.022916666666666665 0.03981481481481482
0 0.7778645833333333 0.5351851851851852 0.023958333333333335 0.041666666666666664
0 0.7682291666666666 0.7699074074074074 0.024479166666666666 0.04259259259259259
0 0.7333333333333333 0.7416666666666667 0.022395833333333334 0.040740740740740744
0 0.72265625 0.5277777777777778 0.024479166666666666 0.040740740740740744
0 0.6143229166666667 0.3976851851851852 0.023958333333333335 0.040740740740740744
0 0.5994791666666667 0.5712962962962963 0.022395833333333334 0.040740740740740744
0 0.5916666666666667 0.674074074074074 0.022916666666666665 0.041666666666666664
0 0.5653645833333333 0.5787037037037037 0.0234375 0.041666666666666664
0 0.4908854166666667 0.4486111111111111 0.0234375 0.03888888888888889
0 0.440625 0.5856481481481481 0.0234375 0.041666666666666664
0 0.23723958333333334 0.7703703703703704 0.0234375 0.040740740740740744
