0 0.43515625 0.44351851851851853 0.0109375 0.018518518518518517
0 0.43020833333333336 0.44722222222222224 0.009375 0.016666666666666666
0 0.42734375 0.45555555555555555 0.009895833333333333 0.017592592592592594
0 0.5143229166666666 0.4537037037037037 0.0109375 0.020370370370370372
0 0.55234375 0.44305555555555554 0.008333333333333333 0.017592592592592594
0 0.5596354166666667 0.44537037037037036 0.0109375 0.019444444444444445
0 0.5361979166666667 0.4777777777777778 0.009895833333333333 0.019444444444444445
0 0.5265625 0.4842592592592593 0.009895833333333333 0.017592592592592594
0 0.434375 0.5518518518518518 0.011979166666666667 0.022222222222222223
0 0.44114583333333335 0.5800925925925926 0.014583333333333334 0.013888888888888888
