0 0.2747529761904762 0.5770714285714286 0.017461309523809525 0.027047619047619046
0 0.3426517857142857 0.3809 0.019877976190476192 0.028833333333333332
0 0.4196517857142857 0.41136666666666666 0.017089285714285713 0.026157142857142858
0 0.4682321428571429 0.31179523809523807 0.015419642857142857 0.02556190476190476
0 0.5034345238095238 0.30154285714285717 0.015604166666666667 0.024671428571428573
0 0.6077440476190477 0.4544666666666667 0.01467559523809524 0.026157142857142858
0 0.6867886904761905 0.4086904761904762 0.017833333333333333 0.027342857142857144
0 0.6997916666666667 0.4483714285714286 0.017089285714285713 0.025266666666666666
0 0.7153035714285715 0.48656666666666665 0.017276785714285713 0.028533333333333334
0 0.6840029761904762 0.5463095238095238 0.015976190476190477 0.027342857142857144
0 0.6299434523809524 0.622252380952381 0.016348214285714285 0.024671428571428573
0 0.7701071428571429 0.4039380952380952 0.017276785714285713 0.026157142857142858
0 0.7809732142857143 0.6136333333333334 0.015976190476190477 0.025857142857142856
0 0.7671339285714286 0.6855619047619048 0.016532738095238093 0.028833333333333332
0 0.6965029761904762 0.4727714285714286 0.016910714285714286 0.025123809523809524
