0 0.83828125 0.7212962962962963 0.024479166666666666 0.041666666666666664
0 0.69140625 0.7819444444444444 0.023958333333333335 0.041666666666666664
0 0.74375 0.43333333333333335 0.023958333333333335 0.041666666666666664
0 0.7671875 0.3425925925925926 0.0234375 0.041666666666666664
0 0.70078125 0.3398148148148148 0.022916666666666665 0.040740740740740744
0 0.6299479166666667 0.5662037037037037 0.022916666666666665 0.03981481481481482
0 0.6388020833333333 0.15925925925925927 0.023958333333333335 0.041666666666666664
0 0.5296875 0.5592592592592592 0.0234375 0.040740740740740744
0 0.47760416666666666 0.5518518518518518 0.0234375 0.041666666666666664
0 0.42916666666666664 0.21157407407407408 0.0234375 0.040740740740740744
0 0.28984375 0.624537037037037 0.0234375 0.03981481481481482
0 0.25833333333333336 0.5703703703703704 0.022916666666666665 0.040740740740740744
0 0.22890625 0.5888888888888889 0.024479166666666666 0.040740740740740744
0 0.17578125 0.5828703703703704 0.025 0.040740740740740744
0 0.11145833333333334 0.7805555555555556 0.023958333333333335 0.040740740740740744
