0 0.8690104166666667 0.1597222222222222 0.024479166666666666 0.041666666666666664
0 0.815625 0.18518518518518517 0.022916666666666665 0.040740740740740744
0 0.8182291666666667 0.30324074074074076 0.022395833333333334 0.040740740740740744
0 0.778125 0.5342592592592592 0.023958333333333335 0.041666666666666664
0 0.76875 0.7699074074074074 0.024479166666666666 0.041666666666666664
0 0.73359375 0.7416666666666667 0.021875 0.040740740740740744
0 0.6567708333333333 0.662962962962963 0.0234375 0.04259259259259259
0 0.59921875 0.5722222222222222 0.022395833333333334 0.040740740740740744
0 0.5901041666666667 0.7106481481481481 0.022395833333333334 0.041666666666666664
0 0.23854166666666668 0.7699074074074074 0.023958333333333335 0.041666666666666664
0 0.25416666666666665 0.25601851851851853 0.023958333333333335 0.040740740740740744
