0 0.4493392857142857 0.29565238095238094 0.019452380952380954 0.031819047619047615
0 0.31907440476190474 0.6732380952380952 0.023916666666666666 0.04063809523809524
0 0.39558928571428575 0.5474333333333333 0.022434523809523807 0.03894285714285714
0 0.4887172619047619 0.6747619047619048 0.024553571428571428 0.04097619047619047
0 0.5226875 0.6236285714285714 0.02349404761904762 0.03962380952380952
0 0.599202380952381 0.5973809523809523 0.023705357142857146 0.039285714285714285
0 0.6849226190476191 0.4483761904761905 0.021166666666666667 0.03589523809523809
0 0.5853392857142857 0.38894285714285715 0.020107142857142858 0.034204761904761904
0 0.5515803571428571 0.5299904761904762 0.02201190476190476 0.03657619047619048
0 0.607985119047619 0.6764571428571429 0.024339285714285716 0.04097619047619047
0 0.46480059523809525 0.5950095238095238 0.023282738095238096 0.039285714285714285
0 0.3922023809523809 0.6881428571428571 0.024553571428571428 0.04063809523809524
0 0.5518958333333333 0.6314190476190477 0.022223214285714287 0.03962380952380952
0 0.5369761904761905 0.6072047619047619 0.02286011904761905 0.0386047619047619
