0 0.8830729166666667 0.5634259259259259 0.025 0.04259259259259259
0 0.8578125 0.5824074074074074 0.026041666666666668 0.04259259259259259
0 0.5380208333333333 0.8319444444444445 0.023958333333333335 0.04259259259259259
0 0.53203125 0.21481481481481482 0.023958333333333335 0.041666666666666664
0 0.40338541666666666 0.3013888888888889 0.024479166666666666 0.041666666666666664
0 0.34739583333333335 0.2791666666666667 0.024479166666666666 0.04259259259259259
0 0.2825520833333333 0.4787037037037037 0.023958333333333335 0.041666666666666664
0 0.2609375 0.5125 0.024479166666666666 0.041666666666666664
0 0.28932291666666665 0.3055555555555556 0.025 0.04259259259259259
0 0.228125 0.33287037037037037 0.023958333333333335 0.041666666666666664
0 0.13046875 0.42777777777777776 0.025 0.04259259259259259
