0 0.7171875 0.40555555555555556 0.013020833333333334 0.020370370370370372
0 0.7216145833333333 0.4162037037037037 0.011979166666666667 0.022222222222222223
0 0.7515625 0.43333333333333335 0.0140625 0.024074074074074074
0 0.7083333333333334 0.36574074074074076 0.011458333333333333 0.021296296296296296
0 0.65859375 0.4 0.013541666666666667 0.023148148148148147
0 0.6799479166666667 0.46296296296296297 0.0140625 0.025
0 0.6708333333333333 0.4810185185185185 0.013541666666666667 0.025
0 0.6533854166666667 0.5365740740740741 0.015104166666666667 0.026851851851851852
0 0.5796875 0.5791666666666667 0.015625 0.028703703703703703
0 0.5580729166666667 0.49444444444444446 0.0140625 0.024074074074074074
0 0.5151041666666667 0.48564814814814816 0.0140625 0.026851851851851852
0 0.43072916666666666 0.4388888888888889 0.013541666666666667 0.025
0 0.35260416666666666 0.49074074074074076 0.0140625 0.025
