0 0.7705729166666667 0.42592592592592593 0.0125 0.023148148148148147
0 0.8111979166666666 0.3921296296296296 0.0125 0.021296296296296296
0 0.6875 0.33101851851851855 0.011458333333333333 0.020370370370370372
0 0.6838541666666667 0.36574074074074076 0.011979166666666667 0.021296296296296296
0 0.6578125 0.37916666666666665 0.013020833333333334 0.022222222222222223
0 0.68046875 0.41435185185185186 0.013020833333333334 0.023148148148148147
0 0.6013020833333333 0.575 0.015625 0.027777777777777776
0 0.5739583333333333 0.5560185185185185 0.015104166666666667 0.028703703703703703
0 0.5440104166666667 0.6078703703703704 0.015625 0.028703703703703703
0 0.49166666666666664 0.5944444444444444 0.015625 0.025925925925925925
0 0.48723958333333334 0.6138888888888889 0.015625 0.028703703703703703
0 0.39114583333333336 0.5486111111111112 0.014583333333333334 0.025
0 0.45208333333333334 0.5259259259259259 0.014583333333333334 0.026851851851851852
