0 0.12473958333333333 0.20972222222222223 0.025 0.04259259259259259
0 0.14609375 0.32083333333333336 0.025 0.04259259259259259
0 0.12630208333333334 0.8324074074074074 0.025 0.04351851851851852
0 0.23489583333333333 0.5550925925925926 0.023958333333333335 0.04259259259259259
0 0.2421875 0.5148148148148148 0.024479166666666666 0.041666666666666664
0 0.2552083333333333 0.5773148148148148 0.023958333333333335 0.04259259259259259
0 0.26458333333333334 0.5365740740740741 0.024479166666666666 0.04259259259259259
0 0.8473958333333333 0.23194444444444445 0.026041666666666668 0.04259259259259259
0 0.5697916666666667 0.43657407407407406 0.025 0.04351851851851852
0 0.5393229166666667 0.2740740740740741 0.023958333333333335 0.04259259259259259
0 0.39010416666666664 0.37175925925925923 0.023958333333333335 0.04351851851851852
0 0.35885416666666664 0.4671296296296296 0.0234375 0.041666666666666664
0 0.18333333333333332 0.5023148148148148 0.024479166666666666 0.041666666666666664
