0 0.5438363095238095 0.8101 0.026104166666666664 0.04437619047619047
0 0.6141279761904761 0.6452095238095238 0.02256845238095238 0.03567619047619048
0 0.4490744047619048 0.6408571428571428 0.022026785714285717 0.03654761904761905
0 0.4165803571428571 0.6517333333333334 0.02392857142857143 0.03567619047619048
0 0.4654880952380952 0.5714523809523809 0.01998511904761905 0.030923809523809524
0 0.5289047619047619 0.5502285714285714 0.01806845238095238 0.028704761904761907
0 0.5389077380952381 0.5440333333333334 0.016133928571428573 0.028704761904761907
0 0.4506279761904762 0.48156666666666664 0.016648809523809524 0.026847619047619047
0 0.44120535714285714 0.4709285714285715 0.015101190476190476 0.024985714285714285
0 0.41358630952380954 0.4734095238095238 0.015360119047619048 0.025400000000000002
0 0.35260416666666666 0.4529619047619048 0.014970238095238094 0.024576190476190477
0 0.3298244047619048 0.44966190476190476 0.015360119047619048 0.024985714285714285
0 0.3042053571428571 0.4793952380952381 0.015747023809523808 0.02663809523809524
0 0.23341369047619048 0.5092380952380953 0.017681547619047618 0.02601904761904762
0 0.2719375 0.5803761904761905 0.020392857142857143 0.03159523809523809
0 0.2976220238095238 0.592352380952381 0.019360119047619046 0.03241904761904762
