0 0.4676815476190476 0.7103428571428572 0.014973214285714286 0.023361904761904764
0 0.4359642857142857 0.7231380952380952 0.015160714285714284 0.025447619047619045
0 0.28366071428571427 0.6748285714285714 0.015163690476190476 0.02449047619047619
0 0.18877678571428572 0.4373 0.016157738095238097 0.02517142857142857
0 0.29436011904761905 0.3722238095238095 0.015023809523809523 0.024261904761904762
0 0.7986815476190476 0.7092952380952381 0.016014880952380954 0.025852380952380953
0 0.6009791666666666 0.6599761904761905 0.015163690476190476 0.024261904761904762
0 0.5993482142857143 0.6136047619047619 0.015023809523809523 0.02449047619047619
0 0.6713422619047619 0.4539666666666667 0.015306547619047619 0.024942857142857145
0 0.5029761904761905 0.38333333333333336 0.014172619047619047 0.024714285714285713
0 0.5087857142857143 0.4951238095238095 0.014455357142857143 0.02517142857142857
0 0.24914880952380952 0.5328809523809523 0.013889880952380952 0.023580952380952383
0 0.2108839285714286 0.41315238095238094 0.016157738095238097 0.025395238095238096
0 0.30314583333333334 0.32902380952380955 0.015306547619047619 0.024038095238095237
0 0.3310654761904762 0.3395714285714286 0.015306547619047619 0.02517142857142857
0 0.49730654761904763 0.361 0.015023809523809523 0.024942857142857145
