0 0.334375 0.43287037037037035 0.008333333333333333 0.010185185185185186
0 0.38385416666666666 0.4388888888888889 0.008333333333333333 0.014814814814814815
0 0.3966145833333333 0.43657407407407406 0.008333333333333333 0.014814814814814815
0 0.4114583333333333 0.4337962962962963 0.0067708333333333336 0.014814814814814815
0 0.40598958333333335 0.4356481481481482 0.008333333333333333 0.01574074074074074
0 0.42734375 0.43333333333333335 0.0078125 0.01574074074074074
0 0.43723958333333335 0.4439814814814815 0.007291666666666667 0.01574074074074074
0 0.4317708333333333 0.44537037037037036 0.008854166666666666 0.01574074074074074
0 0.48541666666666666 0.49907407407407406 0.010416666666666666 0.016666666666666666
0 0.5026041666666666 0.5060185185185185 0.010416666666666666 0.017592592592592594
0 0.5296875 0.4791666666666667 0.009895833333333333 0.017592592592592594
0 0.5346354166666667 0.4583333333333333 0.008854166666666666 0.016666666666666666
0 0.546875 0.45694444444444443 0.009375 0.01574074074074074
0 0.621875 0.48148148148148145 0.009895833333333333 0.012037037037037037
