0 0.5202470238095238 0.46140000000000003 0.01812797619047619 0.02958095238095238
0 0.41572023809523806 0.5790761904761904 0.021735119047619048 0.03578571428571429
0 0.39411904761904765 0.5746761904761905 0.02182440476190476 0.03564285714285714
0 0.4239047619047619 0.5015142857142857 0.018532738095238095 0.03203333333333333
0 0.5020297619047619 0.4794380952380953 0.018669642857142857 0.030738095238095238
0 0.5681130952380952 0.5811666666666667 0.020967261904761905 0.0355
0 0.4172767857142857 0.3992428571428571 0.016098214285714285 0.026623809523809522
0 0.4090922619047619 0.3878809523809524 0.015964285714285716 0.025976190476190476
0 0.2627827380952381 0.39567142857142856 0.016098214285714285 0.025976190476190476
0 0.3586309523809524 0.5873380952380953 0.021916666666666668 0.036147619047619046
0 0.3795982142857143 0.39026190476190475 0.01569345238095238 0.025976190476190476
0 0.2939672619047619 0.3630952380952381 0.015422619047619048 0.024457142857142858
0 0.18445535714285713 0.4282476190476191 0.016910714285714286 0.02749047619047619
