0 0.6359375 0.3390625 0.0171875 0.0171875
0 0.409375 0.5359375 0.025 0.0265625
0 0.375 0.515625 0.0234375 0.0265625
0 0.3671875 0.490625 0.0234375 0.021875
0 0.4 0.509375 0.0234375 0.021875
0 0.4265625 0.50625 0.0234375 0.0234375
0 0.4390625 0.4796875 0.0234375 0.0234375
0 0.415625 0.4828125 0.0234375 0.0203125
0 0.34375 0.496875 0.0234375 0.025
0 0.359375 0.5046875 0.0234375 0.025
0 0.3921875 0.4859375 0.021875 0.021875
0 0.384375 0.5 0.0234375 0.021875
0 0.3921875 0.525 0.0234375 0.0265625
0 0.4171875 0.5203125 0.0265625 0.025
0 0.434375 0.4921875 0.025 0.025
0 0.409375 0.4953125 0.025 0.0203125
