0 0.725 0.74453125 0.0328125 0.03125
0 0.15859375 0.46484375 0.0265625 0.025
0 0.428125 0.69375 0.03125 0.0328125
0 0.6984375 0.60625 0.0265625 0.0265625
0 0.7296875 0.565625 0.025 0.025
0 0.66796875 0.67109375 0.03125 0.0296875
0 0.6375 0.62734375 0.0265625 0.0265625
0 0.3734375 0.66796875 0.03125 0.03125
0 0.22734375 0.48828125 0.0265625 0.025
0 0.31015625 0.6125 0.0296875 0.0296875
0 0.79140625 0.75625 0.0328125 0.03125
0 0.859375 0.621875 0.028125 0.028125
0 0.47734375 0.55625 0.025 0.0265625
0 0.8015625 0.69765625 0.0296875 0.028125
0 0.29140625 0.66484375 0.0328125 0.0296875
