0 0.6359375 0.53828125 0.0328125 0.0328125
0 0.771875 0.56015625 0.0359375 0.034375
0 0.590625 0.371875 0.021875 0.0234375
0 0.33125 0.615625 0.034375 0.034375
0 0.48984375 0.36953125 0.021875 0.021875
0 0.5984375 0.40546875 0.028125 0.0265625
0 0.32578125 0.490625 0.028125 0.028125
0 0.653125 0.36328125 0.025 0.025
0 0.84453125 0.58984375 0.0390625 0.0359375
0 0.51484375 0.38984375 0.021875 0.0234375
0 0.46796875 0.38671875 0.021875 0.0234375
0 0.53515625 0.31015625 0.01875 0.0203125
0 0.57734375 0.4578125 0.0265625 0.028125
0 0.65546875 0.38359375 0.025 0.025
