0 0.2403846153846154 0.5360576923076923 0.025240384615384616 0.039663461538461536
0 0.2668269230769231 0.6286057692307693 0.026442307692307692 0.039663461538461536
0 0.6670673076923077 0.6598557692307693 0.027644230769230768 0.04447115384615385
0 0.5336538461538461 0.6983173076923077 0.027644230769230768 0.039663461538461536
0 0.5396634615384616 0.734375 0.027644230769230768 0.046875
0 0.5564903846153846 0.8413461538461539 0.03125 0.05048076923076923
0 0.4675480769230769 0.8473557692307693 0.03245192307692308 0.051682692307692304
0 0.8016826923076923 0.8701923076923077 0.028846153846153848 0.04807692307692308
0 0.7512019230769231 0.8894230769230769 0.028846153846153848 0.054086538461538464
0 0.7836538461538461 0.9230769230769231 0.03245192307692308 0.03245192307692308
