0 0.48984375 0.4078703703703704 0.018229166666666668 0.030555555555555555
0 0.62578125 0.3611111111111111 0.017708333333333333 0.02962962962962963
0 0.75390625 0.38101851851851853 0.018229166666666668 0.028703703703703703
0 0.6794270833333333 0.42916666666666664 0.019270833333333334 0.03148148148148148
0 0.6098958333333333 0.44074074074074077 0.0203125 0.03148148148148148
0 0.65 0.5625 0.021875 0.03518518518518519
0 0.625 0.7337962962962963 0.025 0.03888888888888889
0 0.421875 0.4810185185185185 0.019791666666666666 0.03333333333333333
0 0.40208333333333335 0.4412037037037037 0.018229166666666668 0.02962962962962963
0 0.30182291666666666 0.4824074074074074 0.019270833333333334 0.03148148148148148
0 0.20078125 0.5800925925925926 0.022916666666666665 0.03425925925925926
