0 0.5765625 0.24537037037037038 0.015104166666666667 0.025925925925925925
0 0.59453125 0.25601851851851853 0.015625 0.019444444444444445
0 0.5916666666666667 0.2675925925925926 0.016145833333333335 0.020370370370370372
0 0.5966145833333333 0.28194444444444444 0.015625 0.023148148148148147
0 0.63359375 0.31851851851851853 0.0171875 0.028703703703703703
0 0.5747395833333333 0.35694444444444445 0.017708333333333333 0.02962962962962963
0 0.6033854166666667 0.4449074074074074 0.020833333333333332 0.032407407407407406
0 0.5536458333333333 0.44166666666666665 0.019270833333333334 0.02962962962962963
0 0.4466145833333333 0.5782407407407407 0.021354166666666667 0.03518518518518519
0 0.4239583333333333 0.5601851851851852 0.022395833333333334 0.03518518518518519
0 0.3997395833333333 0.5550925925925926 0.021875 0.03518518518518519
0 0.4 0.6425925925925926 0.0234375 0.03888888888888889
0 0.34765625 0.5675925925925925 0.022395833333333334 0.03518518518518519
