0 0.6263020833333334 0.23703703703703705 0.01875 0.028703703703703703
0 0.6033854166666667 0.2675925925925926 0.019270833333333334 0.03148148148148148
0 0.60859375 0.3398148148148148 0.019791666666666666 0.03148148148148148
0 0.6924479166666667 0.5861111111111111 0.0234375 0.037037037037037035
0 0.7341145833333333 0.6074074074074074 0.023958333333333335 0.040740740740740744
0 0.7375 0.6736111111111112 0.024479166666666666 0.03981481481481482
0 0.71015625 0.7032407407407407 0.025 0.04259259259259259
0 0.30026041666666664 0.5143518518518518 0.022395833333333334 0.03611111111111111
0 0.25442708333333336 0.6282407407407408 0.024479166666666666 0.037037037037037035
0 0.24348958333333334 0.7097222222222223 0.025520833333333333 0.041666666666666664
