0 0.88984375 0.41203703703703703 0.025520833333333333 0.041666666666666664
0 0.8765625 0.2916666666666667 0.025520833333333333 0.04351851851851852
0 0.85703125 0.32592592592592595 0.025 0.04259259259259259
0 0.7354166666666667 0.24027777777777778 0.024479166666666666 0.04351851851851852
0 0.46510416666666665 0.4699074074074074 0.023958333333333335 0.04259259259259259
0 0.3697916666666667 0.7898148148148149 0.024479166666666666 0.041666666666666664
0 0.35 0.5726851851851852 0.023958333333333335 0.03981481481481482
0 0.24427083333333333 0.30925925925925923 0.023958333333333335 0.040740740740740744
0 0.22239583333333332 0.2902777777777778 0.024479166666666666 0.041666666666666664
0 0.11979166666666667 0.8476851851851852 0.024479166666666666 0.04259259259259259
