0 0.7149404761904762 0.7186238095238094 0.021910714285714287 0.03450952380952381
0 0.6212738095238095 0.7133285714285714 0.02038095238095238 0.03423809523809524
0 0.5676904761904762 0.6084333333333334 0.01817261904761905 0.029890476190476193
0 0.5061220238095238 0.6549 0.019020833333333334 0.033152380952380954
0 0.5076517857142857 0.5498714285714286 0.017663690476190475 0.028533333333333334
0 0.5698958333333333 0.6365571428571428 0.018851190476190476 0.02961904761904762
0 0.43444940476190474 0.5592476190476191 0.017663690476190475 0.028804761904761906
0 0.37865773809523806 0.5422619047619047 0.017154761904761905 0.029076190476190478
0 0.30138095238095236 0.5000095238095238 0.015455357142857142 0.02554285714285714
0 0.38706547619047615 0.4324809523809524 0.014267857142857143 0.021466666666666665
0 0.21586607142857142 0.5259619047619047 0.016303571428571428 0.027447619047619047
0 0.1950595238095238 0.4879142857142857 0.01681547619047619 0.026357142857142857
