0 0.22638988095238094 0.7233809523809523 0.0168125 0.025980952380952382
0 0.3213392857142857 0.7528761904761905 0.017577380952380952 0.028123809523809527
0 0.3164672619047619 0.6003428571428572 0.015476190476190477 0.025066666666666668
0 0.21148809523809525 0.3299761904761905 0.017193452380952382 0.026595238095238095
0 0.44131845238095235 0.5748190476190476 0.017193452380952382 0.027204761904761905
0 0.4997767857142857 0.5350809523809524 0.017577380952380952 0.026595238095238095
0 0.5238482142857143 0.4271809523809524 0.017577380952380952 0.02842857142857143
0 0.6385744047619047 0.4644714285714286 0.01738392857142857 0.029652380952380954
0 0.6595892857142857 0.5989714285714285 0.01738392857142857 0.029652380952380954
0 0.7709672619047618 0.5641238095238096 0.01662202380952381 0.026595238095238095
0 0.8159613095238095 0.47960476190476187 0.0168125 0.02750952380952381
0 0.6716249999999999 0.5061952380952381 0.01623809523809524 0.025676190476190477
