0 0.7078125 0.5166666666666667 0.022916666666666665 0.037037037037037035
0 0.5098958333333333 0.37222222222222223 0.019791666666666666 0.032407407407407406
0 0.5052083333333334 0.34305555555555556 0.019270833333333334 0.032407407407407406
0 0.47578125 0.25972222222222224 0.01875 0.030555555555555555
0 0.42265625 0.29444444444444445 0.019270833333333334 0.03148148148148148
0 0.39895833333333336 0.275 0.01875 0.03148148148148148
0 0.4674479166666667 0.3787037037037037 0.019791666666666666 0.032407407407407406
0 0.4552083333333333 0.45185185185185184 0.021875 0.03518518518518519
0 0.43984375 0.5745370370370371 0.0234375 0.03888888888888889
0 0.34322916666666664 0.5189814814814815 0.022395833333333334 0.037037037037037035
0 0.27578125 0.4638888888888889 0.021875 0.03518518518518519
