0 0.8559895833333333 0.587037037037037 0.022395833333333334 0.03796296296296296
0 0.8200520833333333 0.5425925925925926 0.021875 0.03518518518518519
0 0.69140625 0.5486111111111112 0.021875 0.03518518518518519
0 0.6158854166666666 0.6231481481481481 0.023958333333333335 0.03888888888888889
0 0.5755208333333334 0.5 0.0203125 0.03425925925925926
0 0.3619791666666667 0.33796296296296297 0.016145833333333335 0.026851851851851852
0 0.34739583333333335 0.30185185185185187 0.015104166666666667 0.025
0 0.23125 0.3333333333333333 0.016145833333333335 0.026851851851851852
0 0.38515625 0.5412037037037037 0.021354166666666667 0.03425925925925926
0 0.34296875 0.5782407407407407 0.022395833333333334 0.03611111111111111
0 0.34036458333333336 0.5361111111111111 0.021354166666666667 0.03611111111111111
0 0.3033854166666667 0.5393518518518519 0.020833333333333332 0.037037037037037035
0 0.29973958333333334 0.5208333333333334 0.0203125 0.025
0 0.2755208333333333 0.5078703703703704 0.020833333333333332 0.03425925925925926
0 0.22395833333333334 0.4652777777777778 0.019270833333333334 0.03148148148148148
0 0.084375 0.37453703703703706 0.017708333333333333 0.026851851851851852
