0 0.8127604166666667 0.44212962962962965 0.016145833333333335 0.025
0 0.7385416666666667 0.6356481481481482 0.015104166666666667 0.025925925925925925
0 0.66953125 0.5657407407407408 0.015104166666666667 0.025
0 0.59921875 0.27870370370370373 0.014583333333333334 0.023148148148148147
0 0.5916666666666667 0.4046296296296296 0.015625 0.025
0 0.6041666666666666 0.6712962962962963 0.015104166666666667 0.024074074074074074
0 0.5356770833333333 0.7513888888888889 0.0140625 0.024074074074074074
0 0.5239583333333333 0.5287037037037037 0.015104166666666667 0.024074074074074074
0 0.44817708333333334 0.25324074074074077 0.0140625 0.023148148148148147
0 0.4140625 0.25324074074074077 0.015625 0.025925925925925925
0 0.4158854166666667 0.45092592592592595 0.015104166666666667 0.025925925925925925
0 0.40520833333333334 0.49212962962962964 0.014583333333333334 0.023148148148148147
0 0.4166666666666667 0.5421296296296296 0.015104166666666667 0.024074074074074074
0 0.3606770833333333 0.4981481481481482 0.015625 0.025
0 0.26875 0.6787037037037037 0.016145833333333335 0.025
0 0.25104166666666666 0.6328703703703704 0.015625 0.024074074074074074
