0 0.6921875 0.337037037037037 0.019791666666666666 0.03333333333333333
0 0.69453125 0.3962962962962963 0.0203125 0.03425925925925926
0 0.6520833333333333 0.30416666666666664 0.019791666666666666 0.032407407407407406
0 0.6356770833333333 0.24351851851851852 0.018229166666666668 0.03148148148148148
0 0.75390625 0.6796296296296296 0.025 0.04259259259259259
0 0.71796875 0.6912037037037037 0.025 0.041666666666666664
0 0.5908854166666667 0.649537037037037 0.024479166666666666 0.03981481481481482
0 0.5393229166666667 0.49398148148148147 0.021875 0.03611111111111111
0 0.4947916666666667 0.4699074074074074 0.021875 0.037037037037037035
0 0.5005208333333333 0.6148148148148148 0.023958333333333335 0.03981481481481482
0 0.4296875 0.4930555555555556 0.021875 0.03518518518518519
0 0.41067708333333336 0.4824074074074074 0.021875 0.03611111111111111
0 0.35703125 0.2824074074074074 0.01875 0.03148148148148148
0 0.31302083333333336 0.6532407407407408 0.024479166666666666 0.040740740740740744
0 0.25338541666666664 0.6625 0.025 0.03981481481481482
