0 0.7911458333333333 0.29259259259259257 0.016145833333333335 0.025
0 0.7802083333333333 0.2550925925925926 0.014583333333333334 0.024074074074074074
0 0.76484375 0.7439814814814815 0.015625 0.025925925925925925
0 0.75390625 0.6856481481481481 0.015104166666666667 0.024074074074074074
0 0.7489583333333333 0.4125 0.014583333333333334 0.022222222222222223
0 0.7127604166666667 0.5023148148148148 0.015104166666666667 0.024074074074074074
0 0.5723958333333333 0.4597222222222222 0.015625 0.023148148148148147
0 0.5723958333333333 0.5800925925925926 0.015104166666666667 0.024074074074074074
0 0.5591145833333333 0.600925925925926 0.015625 0.024074074074074074
0 0.5416666666666666 0.5097222222222222 0.015104166666666667 0.025
0 0.43984375 0.2759259259259259 0.015625 0.025925925925925925
0 0.35052083333333334 0.26990740740740743 0.015625 0.025
0 0.29739583333333336 0.3138888888888889 0.015104166666666667 0.025
0 0.19791666666666666 0.7050925925925926 0.016145833333333335 0.025925925925925925
0 0.19583333333333333 0.32685185185185184 0.016145833333333335 0.025
0 0.17786458333333333 0.31666666666666665 0.016145833333333335 0.025
