0 0.6427083333333333 0.32592592592592595 0.019791666666666666 0.03148148148148148
0 0.6833333333333333 0.350462962962963 0.019791666666666666 0.032407407407407406
0 0.6973958333333333 0.5912037037037037 0.0234375 0.03981481481481482
0 0.6973958333333333 0.7240740740740741 0.024479166666666666 0.02962962962962963
0 0.5794270833333334 0.46435185185185185 0.021875 0.03611111111111111
0 0.5302083333333333 0.43425925925925923 0.020833333333333332 0.03425925925925926
0 0.5424479166666667 0.5675925925925925 0.0234375 0.03796296296296296
0 0.3958333333333333 0.38425925925925924 0.020833333333333332 0.03333333333333333
0 0.39401041666666664 0.6518518518518519 0.024479166666666666 0.040740740740740744
0 0.35052083333333334 0.5689814814814815 0.023958333333333335 0.03518518518518519
0 0.2638020833333333 0.4425925925925926 0.021354166666666667 0.03611111111111111
0 0.23411458333333332 0.662962962962963 0.025 0.040740740740740744
