0 0.6356770833333333 0.2462962962962963 0.018229166666666668 0.02962962962962963
0 0.4546875 0.27824074074074073 0.019270833333333334 0.02962962962962963
0 0.5799479166666667 0.3453703703703704 0.019791666666666666 0.032407407407407406
0 0.7151041666666667 0.40925925925925927 0.020833333333333332 0.03425925925925926
0 0.6958333333333333 0.4842592592592593 0.022395833333333334 0.03611111111111111
0 0.7674479166666667 0.7287037037037037 0.024479166666666666 0.032407407407407406
0 0.68671875 0.6064814814814815 0.0234375 0.03888888888888889
0 0.63984375 0.5837962962962963 0.0234375 0.03796296296296296
0 0.5174479166666667 0.5277777777777778 0.022916666666666665 0.037037037037037035
0 0.49583333333333335 0.6050925925925926 0.023958333333333335 0.03888888888888889
0 0.3893229166666667 0.5476851851851852 0.022916666666666665 0.03611111111111111
