0 0.6184895833333334 0.23981481481481481 0.01875 0.03148148148148148
0 0.6575520833333334 0.32916666666666666 0.019791666666666666 0.032407407407407406
0 0.49661458333333336 0.25 0.018229166666666668 0.030555555555555555
0 0.34453125 0.35648148148148145 0.019791666666666666 0.03518518518518519
0 0.6638020833333333 0.4097222222222222 0.020833333333333332 0.03425925925925926
0 0.41510416666666666 0.4699074074074074 0.021875 0.03518518518518519
0 0.28151041666666665 0.42916666666666664 0.021354166666666667 0.03611111111111111
0 0.7325520833333333 0.47685185185185186 0.022395833333333334 0.037037037037037035
0 0.69296875 0.5041666666666667 0.022395833333333334 0.03518518518518519
0 0.7403645833333333 0.5666666666666667 0.022916666666666665 0.03888888888888889
0 0.5234375 0.6152777777777778 0.0234375 0.03888888888888889
0 0.459375 0.6324074074074074 0.024479166666666666 0.03888888888888889
0 0.35546875 0.5791666666666667 0.0234375 0.03888888888888889
0 0.3796875 0.7180555555555556 0.025 0.03611111111111111
0 0.2986979166666667 0.6921296296296297 0.025520833333333333 0.040740740740740744
