0 0.7416666666666667 0.7305555555555555 0.015104166666666667 0.023148148148148147
0 0.7604166666666666 0.5416666666666666 0.014583333333333334 0.024074074074074074
0 0.7690104166666667 0.31157407407407406 0.015625 0.025
0 0.6671875 0.29583333333333334 0.015104166666666667 0.024074074074074074
0 0.5338541666666666 0.5305555555555556 0.015104166666666667 0.024074074074074074
0 0.47994791666666664 0.6564814814814814 0.015625 0.025925925925925925
0 0.39427083333333335 0.5981481481481481 0.015625 0.025
0 0.33828125 0.674537037037037 0.016145833333333335 0.025925925925925925
0 0.31328125 0.6041666666666666 0.015625 0.024074074074074074
0 0.33177083333333335 0.3023148148148148 0.015625 0.025925925925925925
0 0.17942708333333332 0.475462962962963 0.016145833333333335 0.024074074074074074
0 0.19166666666666668 0.41759259259259257 0.016145833333333335 0.025
