0 0.17317708333333334 0.2662037037037037 0.016145833333333335 0.025
0 0.7416666666666667 0.7300925925925926 0.015104166666666667 0.023148148148148147
0 0.7700520833333333 0.2462962962962963 0.015625 0.024074074074074074
0 0.7684895833333333 0.31203703703703706 0.015625 0.025
0 0.7247395833333333 0.3662037037037037 0.015104166666666667 0.025
0 0.6671875 0.29583333333333334 0.015104166666666667 0.024074074074074074
0 0.6091145833333333 0.2814814814814815 0.015104166666666667 0.024074074074074074
0 0.6138020833333333 0.475462962962963 0.015625 0.025
0 0.5278645833333333 0.7509259259259259 0.015104166666666667 0.024074074074074074
0 0.53359375 0.5310185185185186 0.014583333333333334 0.024074074074074074
0 0.540625 0.2902777777777778 0.015625 0.025
0 0.39401041666666664 0.5986111111111111 0.015625 0.025925925925925925
0 0.35104166666666664 0.2800925925925926 0.016145833333333335 0.025925925925925925
0 0.33203125 0.30185185185185187 0.015625 0.025
0 0.19166666666666668 0.41712962962962963 0.016145833333333335 0.024074074074074074
0 0.17942708333333332 0.475 0.016145833333333335 0.024074074074074074
