0 0.7692708333333333 0.5787037037037037 0.021354166666666667 0.03425925925925926
0 0.68125 0.5143518518518518 0.019270833333333334 0.03148148148148148
0 0.6140625 0.6435185185185185 0.022395833333333334 0.037037037037037035
0 0.45364583333333336 0.6962962962962963 0.023958333333333335 0.03981481481481482
0 0.43385416666666665 0.4986111111111111 0.01875 0.030555555555555555
0 0.4401041666666667 0.36944444444444446 0.015104166666666667 0.025925925925925925
0 0.31588541666666664 0.4981481481481482 0.01875 0.030555555555555555
0 0.30442708333333335 0.4439814814814815 0.017708333333333333 0.028703703703703703
0 0.30703125 0.3384259259259259 0.014583333333333334 0.024074074074074074
0 0.27005208333333336 0.3425925925925926 0.014583333333333334 0.024074074074074074
0 0.25807291666666665 0.41064814814814815 0.016666666666666666 0.026851851851851852
0 0.22161458333333334 0.43796296296296294 0.017708333333333333 0.028703703703703703
