0 0.22252083333333333 0.7463285714285715 0.016824404761904763 0.027404761904761904
0 0.22986309523809526 0.6274047619047619 0.016824404761904763 0.027404761904761904
0 0.2930238095238095 0.5591333333333334 0.016517857142857143 0.030833333333333334
0 0.3895267857142857 0.6239761904761905 0.015598214285714285 0.028385714285714285
0 0.44947916666666665 0.4869476190476191 0.015598214285714285 0.027404761904761904
0 0.395952380952381 0.35701428571428573 0.01743452380952381 0.027895238095238094
0 0.492452380952381 0.4372761904761905 0.016517857142857143 0.02593809523809524
0 0.4256190476190476 0.3313190476190476 0.016211309523809524 0.02936190476190476
0 0.515547619047619 0.4372761904761905 0.016211309523809524 0.030833333333333334
0 0.6226011904761904 0.2985285714285714 0.01804761904761905 0.030342857142857144
0 0.4916875 0.3004904761904762 0.01743452380952381 0.027404761904761904
0 0.6638958333333334 0.29901904761904763 0.016211309523809524 0.028385714285714285
0 0.7007529761904763 0.546652380952381 0.015904761904761904 0.02642857142857143
