0 0.6739583333333333 0.287962962962963 0.0140625 0.023148148148148147
0 0.74140625 0.4532407407407407 0.015104166666666667 0.025925925925925925
0 0.6856770833333333 0.45694444444444443 0.015625 0.024074074074074074
0 0.6979166666666666 0.5388888888888889 0.016145833333333335 0.025
0 0.6494791666666667 0.5935185185185186 0.015104166666666667 0.023148148148148147
0 0.53046875 0.5439814814814815 0.0140625 0.024074074074074074
0 0.45859375 0.7518518518518519 0.014583333333333334 0.024074074074074074
0 0.3885416666666667 0.6907407407407408 0.015104166666666667 0.025
0 0.4276041666666667 0.5143518518518518 0.015625 0.024074074074074074
0 0.43307291666666664 0.42777777777777776 0.015625 0.025
0 0.49375 0.23703703703703705 0.015625 0.024074074074074074
0 0.33046875 0.45740740740740743 0.015104166666666667 0.024074074074074074
0 0.2140625 0.5662037037037037 0.016666666666666666 0.024074074074074074
0 0.21145833333333333 0.48564814814814816 0.015625 0.023148148148148147
0 0.17395833333333333 0.2375 0.016666666666666666 0.025
