0 0.6981770833333333 0.5388888888888889 0.016145833333333335 0.025
0 0.6494791666666667 0.5939814814814814 0.015104166666666667 0.024074074074074074
0 0.6856770833333333 0.45694444444444443 0.015625 0.023148148148148147
0 0.53046875 0.5444444444444444 0.014583333333333334 0.024074074074074074
0 0.7411458333333333 0.4537037037037037 0.015625 0.025
0 0.49375 0.2375 0.015104166666666667 0.025
0 0.4583333333333333 0.7523148148148148 0.014583333333333334 0.024074074074074074
0 0.6739583333333333 0.287962962962963 0.014583333333333334 0.023148148148148147
0 0.43307291666666664 0.4273148148148148 0.015625 0.025
0 0.4278645833333333 0.5148148148148148 0.015625 0.025
0 0.38828125 0.6907407407407408 0.015104166666666667 0.024074074074074074
0 0.33046875 0.45694444444444443 0.015104166666666667 0.024074074074074074
0 0.21536458333333333 0.5625 0.015625 0.024074074074074074
0 0.21119791666666668 0.4861111111111111 0.0140625 0.023148148148148147
0 0.17395833333333333 0.2375 0.016666666666666666 0.025
