0 0.8526041666666667 0.5333333333333333 0.026041666666666668 0.044444444444444446
0 0.6401041666666667 0.32407407407407407 0.023958333333333335 0.04259259259259259
0 0.5786458333333333 0.5263888888888889 0.024479166666666666 0.041666666666666664
0 0.4322916666666667 0.7643518518518518 0.025 0.04259259259259259
0 0.41302083333333334 0.7231481481481481 0.024479166666666666 0.041666666666666664
0 0.3770833333333333 0.38333333333333336 0.025 0.04351851851851852
0 0.31588541666666664 0.5777777777777777 0.022916666666666665 0.041666666666666664
0 0.3296875 0.6509259259259259 0.024479166666666666 0.04259259259259259
0 0.30364583333333334 0.6217592592592592 0.024479166666666666 0.041666666666666664
0 0.19791666666666666 0.8287037037037037 0.023958333333333335 0.041666666666666664
0 0.25390625 0.5578703703703703 0.023958333333333335 0.041666666666666664
0 0.22083333333333333 0.30972222222222223 0.025520833333333333 0.04259259259259259
0 0.11744791666666667 0.2550925925925926 0.025 0.04259259259259259
