0 0.73515625 0.5259259259259259 0.023958333333333335 0.03888888888888889
0 0.7989583333333333 0.5856481481481481 0.0265625 0.04259259259259259
0 0.7200520833333334 0.6768518518518518 0.0296875 0.049074074074074076
0 0.7197916666666667 0.5527777777777778 0.025 0.03888888888888889
0 0.6721354166666667 0.5740740740740741 0.026041666666666668 0.030555555555555555
0 0.6723958333333333 0.6 0.025 0.03888888888888889
0 0.6651041666666667 0.612037037037037 0.027604166666666666 0.04259259259259259
0 0.6111979166666667 0.6606481481481481 0.0296875 0.04722222222222222
0 0.40911458333333334 0.6773148148148148 0.030208333333333334 0.04814814814814815
0 0.328125 0.5680555555555555 0.025520833333333333 0.04259259259259259
0 0.30390625 0.5342592592592592 0.024479166666666666 0.03796296296296296
0 0.4744791666666667 0.4074074074074074 0.01875 0.02962962962962963
0 0.44192708333333336 0.39351851851851855 0.017708333333333333 0.02962962962962963
0 0.3880208333333333 0.4115740740740741 0.01875 0.030555555555555555
0 0.28932291666666665 0.39814814814814814 0.01875 0.030555555555555555
0 0.26197916666666665 0.3976851851851852 0.01875 0.02962962962962963
