0 0.7046875 0.5324074074074074 0.022916666666666665 0.03796296296296296
0 0.6869791666666667 0.6194444444444445 0.024479166666666666 0.040740740740740744
0 0.65625 0.5634259259259259 0.0234375 0.03888888888888889
0 0.5846354166666666 0.5833333333333334 0.0234375 0.03796296296296296
0 0.5609375 0.6101851851851852 0.022916666666666665 0.040740740740740744
0 0.5432291666666667 0.6203703703703703 0.024479166666666666 0.03888888888888889
0 0.5213541666666667 0.6990740740740741 0.025520833333333333 0.040740740740740744
0 0.45286458333333335 0.6620370370370371 0.025 0.040740740740740744
0 0.2872395833333333 0.6402777777777777 0.024479166666666666 0.03981481481481482
0 0.31276041666666665 0.5046296296296297 0.022395833333333334 0.03796296296296296
0 0.321875 0.45787037037037037 0.021875 0.03611111111111111
0 0.6109375 0.3050925925925926 0.019270833333333334 0.03333333333333333
0 0.5971354166666667 0.27361111111111114 0.019270833333333334 0.03148148148148148
0 0.5213541666666667 0.29398148148148145 0.019270833333333334 0.03148148148148148
0 0.4432291666666667 0.25277777777777777 0.01875 0.030555555555555555
0 0.4171875 0.24814814814814815 0.018229166666666668 0.030555555555555555
