0 0.7211309523809524 0.7114285714285714 0.01488095238095238 0.024761904761904763
0 0.6211309523809524 0.6971428571428572 0.01488095238095238 0.02666666666666667
0 0.7387886904761904 0.4839666666666667 0.014485119047619049 0.023809523809523808
0 0.8322410714285714 0.28365238095238093 0.015276785714285713 0.02317619047619048
0 0.5595238095238095 0.3563476190476191 0.014681547619047618 0.02508095238095238
0 0.4682529761904762 0.31174761904761905 0.015476190476190477 0.026033333333333335
0 0.45366964285714284 0.3977761904761905 0.01488095238095238 0.024761904761904763
0 0.3390863095238095 0.47444285714285717 0.015080357142857144 0.023809523809523808
0 0.24494047619047618 0.7276190476190476 0.015276785714285713 0.025395238095238096
0 0.2777767857142857 0.7309523809523809 0.015476190476190477 0.02508095238095238
0 0.26160714285714287 0.4455571428571428 0.01607142857142857 0.02444285714285714
0 0.29980059523809527 0.2392047619047619 0.015872023809523808 0.026347619047619047
0 0.36428571428571427 0.3842857142857143 0.015476190476190477 0.02508095238095238
