0 0.7361979166666667 0.6898148148148148 0.021875 0.03425925925925926
0 0.71015625 0.674537037037037 0.020833333333333332 0.03333333333333333
0 0.6520833333333333 0.6328703703703704 0.019270833333333334 0.03148148148148148
0 0.5994791666666667 0.600462962962963 0.017708333333333333 0.02962962962962963
0 0.48880208333333336 0.788425925925926 0.0234375 0.03981481481481482
0 0.5205729166666667 0.7097222222222223 0.021354166666666667 0.03518518518518519
0 0.40963541666666664 0.7342592592592593 0.022395833333333334 0.037037037037037035
0 0.37994791666666666 0.6805555555555556 0.020833333333333332 0.03425925925925926
0 0.4453125 0.6731481481481482 0.0203125 0.03333333333333333
0 0.3390625 0.5726851851851852 0.0171875 0.028703703703703703
0 0.49296875 0.5935185185185186 0.017708333333333333 0.02962962962962963
0 0.32890625 0.48657407407407405 0.014583333333333334 0.024074074074074074
