0 0.8234375 0.6263888888888889 0.017708333333333333 0.02962962962962963
0 0.7153645833333333 0.6217592592592592 0.01875 0.02962962962962963
0 0.6236979166666666 0.55 0.015625 0.025925925925925925
0 0.6135416666666667 0.524537037037037 0.015104166666666667 0.024074074074074074
0 0.5979166666666667 0.5097222222222222 0.014583333333333334 0.024074074074074074
0 0.46901041666666665 0.6944444444444444 0.020833333333333332 0.03425925925925926
0 0.51015625 0.48194444444444445 0.013020833333333334 0.023148148148148147
0 0.31666666666666665 0.5680555555555555 0.016666666666666666 0.025
0 0.38203125 0.5564814814814815 0.016666666666666666 0.025925925925925925
0 0.3997395833333333 0.5236111111111111 0.015104166666666667 0.025925925925925925
0 0.3263020833333333 0.5185185185185185 0.015104166666666667 0.025
0 0.4466145833333333 0.4217592592592593 0.013020833333333334 0.020370370370370372
0 0.35703125 0.4305555555555556 0.011458333333333333 0.019444444444444445
0 0.33541666666666664 0.4638888888888889 0.013020833333333334 0.021296296296296296
0 0.19375 0.4601851851851852 0.0140625 0.019444444444444445
