0 0.6463541666666667 0.7305555555555555 0.021875 0.03518518518518519
0 0.62578125 0.6851851851851852 0.020833333333333332 0.03425925925925926
0 0.6065104166666667 0.6699074074074074 0.0203125 0.032407407407407406
0 0.57890625 0.7236111111111111 0.021354166666666667 0.03518518518518519
0 0.4453125 0.6782407407407407 0.020833333333333332 0.03333333333333333
0 0.6028645833333334 0.6268518518518519 0.01875 0.030555555555555555
0 0.6622395833333333 0.6129629629629629 0.01875 0.030555555555555555
0 0.621875 0.5824074074074074 0.018229166666666668 0.028703703703703703
0 0.5361979166666667 0.500462962962963 0.015625 0.025925925925925925
0 0.4109375 0.5768518518518518 0.017708333333333333 0.02962962962962963
0 0.28203125 0.42592592592592593 0.0140625 0.022222222222222223
0 0.18671875 0.47129629629629627 0.015625 0.023148148148148147
