0 0.6341145833333334 0.7898148148148149 0.021875 0.037037037037037035
0 0.72734375 0.6643518518518519 0.01875 0.02962962962962963
0 0.6049479166666667 0.674537037037037 0.018229166666666668 0.030555555555555555
0 0.4354166666666667 0.6884259259259259 0.019270833333333334 0.03148148148148148
0 0.453125 0.6615740740740741 0.018229166666666668 0.030555555555555555
0 0.48359375 0.6875 0.01875 0.030555555555555555
0 0.5028645833333333 0.5981481481481481 0.016666666666666666 0.026851851851851852
0 0.5541666666666667 0.5935185185185186 0.016666666666666666 0.027777777777777776
0 0.5645833333333333 0.5115740740740741 0.0140625 0.022222222222222223
0 0.47890625 0.4777777777777778 0.0125 0.022222222222222223
0 0.38203125 0.4671296296296296 0.013020833333333334 0.021296296296296296
0 0.37135416666666665 0.5125 0.014583333333333334 0.023148148148148147
0 0.31927083333333334 0.5689814814814815 0.016145833333333335 0.025
0 0.2669270833333333 0.562037037037037 0.016145833333333335 0.024074074074074074
