0 0.8203125 0.7694444444444445 0.016145833333333335 0.026851851851851852
0 0.7986979166666667 0.6564814814814814 0.016145833333333335 0.026851851851851852
0 0.7739583333333333 0.48842592592592593 0.015625 0.026851851851851852
0 0.7544270833333333 0.4027777777777778 0.015625 0.025925925925925925
0 0.6885416666666667 0.2875 0.014583333333333334 0.025925925925925925
0 0.45416666666666666 0.3763888888888889 0.015104166666666667 0.026851851851851852
0 0.19973958333333333 0.6754629629629629 0.016145833333333335 0.027777777777777776
0 0.22838541666666667 0.600925925925926 0.015625 0.025925925925925925
0 0.2390625 0.41203703703703703 0.016145833333333335 0.027777777777777776
0 0.21588541666666666 0.3962962962962963 0.015625 0.025
0 0.17291666666666666 0.4013888888888889 0.015625 0.027777777777777776
0 0.6035885416666668 0.48767592592592596 0.018098958333333335 0.03125
