0 0.3671875 0.6208333333333333 0.019791666666666666 0.03148148148148148
0 0.46484375 0.649074074074074 0.0203125 0.032407407407407406
0 0.51796875 0.5726851851851852 0.018229166666666668 0.02962962962962963
0 0.5859375 0.6717592592592593 0.020833333333333332 0.03425925925925926
0 0.5846354166666666 0.7444444444444445 0.022916666666666665 0.037037037037037035
0 0.8013020833333333 0.7555555555555555 0.0234375 0.03888888888888889
0 0.7231770833333333 0.5717592592592593 0.018229166666666668 0.02962962962962963
0 0.6411458333333333 0.5888888888888889 0.01875 0.030555555555555555
0 0.63828125 0.49537037037037035 0.016145833333333335 0.025925925925925925
0 0.6190104166666667 0.48055555555555557 0.015625 0.025
0 0.5083333333333333 0.5069444444444444 0.016145833333333335 0.027777777777777776
0 0.4783854166666667 0.5087962962962963 0.016145833333333335 0.026851851851851852
0 0.45338541666666665 0.5208333333333334 0.0171875 0.027777777777777776
0 0.45364583333333336 0.4898148148148148 0.016145833333333335 0.025925925925925925
0 0.3294270833333333 0.4615740740740741 0.015104166666666667 0.025
0 0.30807291666666664 0.4740740740740741 0.016145833333333335 0.025
