0 0.5723958333333333 0.5847222222222223 0.013020833333333334 0.012962962962962963
0 0.5848958333333333 0.5884259259259259 0.011979166666666667 0.011111111111111112
0 0.57265625 0.5930555555555556 0.013020833333333334 0.012962962962962963
0 0.5971354166666667 0.5935185185185186 0.0140625 0.012962962962962963
0 0.5854166666666667 0.5967592592592592 0.013020833333333334 0.011111111111111112
0 0.5729166666666666 0.6013888888888889 0.0125 0.012962962962962963
0 0.6098958333333333 0.5981481481481481 0.013020833333333334 0.012962962962962963
0 0.5981770833333333 0.6013888888888889 0.011979166666666667 0.012037037037037037
0 0.5861979166666667 0.6050925925925926 0.0125 0.012037037037037037
0 0.5739583333333333 0.6106481481481482 0.013020833333333334 0.01574074074074074
0 0.6229166666666667 0.6078703703703704 0.013020833333333334 0.023148148148148147
0 0.6109375 0.612037037037037 0.0140625 0.023148148148148147
0 0.59921875 0.6157407407407407 0.0140625 0.023148148148148147
0 0.5875 0.6194444444444445 0.013541666666666667 0.023148148148148147
0 0.575 0.6236111111111111 0.014583333333333334 0.024074074074074074
0 0.41744791666666664 0.475 0.011458333333333333 0.016666666666666666
