0 0.6114583333333333 0.7314814814814815 0.019270833333333334 0.032407407407407406
0 0.8979166666666667 0.638425925925926 0.018229166666666668 0.026851851851851852
0 0.8901041666666667 0.6527777777777778 0.018229166666666668 0.027777777777777776
0 0.7932291666666667 0.649074074074074 0.017708333333333333 0.026851851851851852
0 0.71875 0.6439814814814815 0.0171875 0.027777777777777776
0 0.640625 0.7101851851851851 0.018229166666666668 0.02962962962962963
0 0.57421875 0.575925925925926 0.015104166666666667 0.025
0 0.5919270833333333 0.5796296296296296 0.015104166666666667 0.024074074074074074
0 0.6528645833333333 0.562037037037037 0.015104166666666667 0.024074074074074074
0 0.6119791666666666 0.5546296296296296 0.014583333333333334 0.023148148148148147
0 0.6666666666666666 0.48657407407407405 0.013020833333333334 0.020370370370370372
0 0.6278645833333333 0.45740740740740743 0.011979166666666667 0.018518518518518517
0 0.5880208333333333 0.44537037037037036 0.011979166666666667 0.020370370370370372
0 0.5419270833333333 0.41203703703703703 0.009895833333333333 0.01574074074074074
0 0.5447916666666667 0.41805555555555557 0.010416666666666666 0.017592592592592594
0 0.3880208333333333 0.449537037037037 0.011458333333333333 0.019444444444444445
