0 0.3660267857142857 0.6042285714285714 0.016261904761904762 0.026847619047619047
0 0.33356547619047616 0.5149142857142857 0.013550595238095238 0.023333333333333334
0 0.43797916666666664 0.48755238095238096 0.01380952380952381 0.0223
0 0.4378511904761905 0.5896666666666667 0.015616071428571429 0.024161904761904763
0 0.49438095238095237 0.5595190476190476 0.014327380952380953 0.024576190476190477
0 0.539875 0.6347904761904761 0.015747023809523808 0.02436666666666667
0 0.49747916666666664 0.7149142857142857 0.018973214285714284 0.03139047619047619
0 0.5387797619047618 0.7260619047619048 0.01819940476190476 0.02106190476190476
0 0.5622678571428571 0.5901857142857143 0.015360119047619048 0.02436666666666667
0 0.546779761904762 0.5458904761904761 0.014842261904761903 0.02168095238095238
0 0.5538571428571428 0.5154952380952381 0.013723214285714285 0.02290952380952381
0 0.6030803571428571 0.5514809523809523 0.014556547619047618 0.0231
0 0.5364583333333334 0.4810380952380952 0.012354166666666666 0.02142857142857143
0 0.49902083333333336 0.46594761904761905 0.012166666666666668 0.019614285714285713
0 0.5003392857142858 0.4423333333333333 0.012354166666666666 0.019466666666666667
