0 0.3900595238095238 0.6955571428571429 0.01649404761904762 0.027695238095238092
0 0.5847351190476191 0.7264571428571428 0.016345238095238097 0.02896190476190476
0 0.5949345238095238 0.5995809523809523 0.01675 0.0281
0 0.38744345238095235 0.47127142857142856 0.01699404761904762 0.027561904761904763
0 0.568764880952381 0.4720095238095238 0.01676488095238095 0.025357142857142856
0 0.5709464285714286 0.3669142857142857 0.017913690476190475 0.028295238095238096
0 0.6573005952380953 0.40347619047619043 0.016077380952380954 0.027190476190476192
0 0.7152232142857143 0.4927714285714285 0.016904761904761905 0.02866190476190476
0 0.805514880952381 0.6323857142857143 0.01737797619047619 0.029795238095238097
0 0.8393095238095238 0.590452380952381 0.01737797619047619 0.026704761904761905
0 0.30910119047619045 0.27755238095238094 0.017848214285714287 0.02896190476190476
0 0.3708214285714286 0.32239999999999996 0.016592261904761905 0.026147619047619045
0 0.42902083333333335 0.27976190476190477 0.016342261904761905 0.026952380952380953
0 0.5150029761904762 0.3079190476190476 0.016845238095238097 0.026952380952380953
0 0.6101577380952381 0.28177619047619046 0.016089285714285716 0.026952380952380953
