0 0.7809895833333333 0.5407407407407407 0.0171875 0.026851851851851852
0 0.7473958333333334 0.5550925925925926 0.016666666666666666 0.027777777777777776
0 0.6875 0.5407407407407407 0.016666666666666666 0.026851851851851852
0 0.6815104166666667 0.4930555555555556 0.015625 0.025
0 0.4921875 0.6486111111111111 0.018229166666666668 0.030555555555555555
0 0.6510416666666666 0.46111111111111114 0.014583333333333334 0.023148148148148147
0 0.6067708333333334 0.4305555555555556 0.0140625 0.023148148148148147
0 0.5596354166666667 0.5009259259259259 0.015625 0.025925925925925925
0 0.48723958333333334 0.4703703703703704 0.014583333333333334 0.023148148148148147
0 0.51640625 0.35462962962962963 0.0125 0.020370370370370372
0 0.49895833333333334 0.35138888888888886 0.011979166666666667 0.020370370370370372
0 0.4510416666666667 0.29814814814814816 0.0109375 0.019444444444444445
0 0.39505208333333336 0.3189814814814815 0.011458333333333333 0.019444444444444445
0 0.36614583333333334 0.32175925925925924 0.011458333333333333 0.019444444444444445
0 0.3888020833333333 0.41712962962962963 0.013541666666666667 0.022222222222222223
0 0.36328125 0.5111111111111111 0.016666666666666666 0.025925925925925925
