0 0.29110714285714284 0.6589285714285714 0.014136904761904762 0.023809523809523808
0 0.3058958333333333 0.6157761904761905 0.015068452380952382 0.024404761904761905
0 0.18340773809523808 0.3599714285714286 0.015997023809523808 0.024704761904761906
0 0.33751785714285715 0.3662190476190476 0.013952380952380954 0.023514285714285717
0 0.6835922619047619 0.5782761904761905 0.015625 0.024404761904761905
0 0.7327946428571429 0.7355666666666667 0.015068452380952382 0.0253
0 0.6017470238095238 0.6185999999999999 0.01488095238095238 0.02410952380952381
0 0.3005952380952381 0.4671761904761905 0.015306547619047619 0.02550952380952381
0 0.3220654761904762 0.27568095238095236 0.015306547619047619 0.02619047619047619
0 0.5497440476190476 0.43316190476190475 0.016157738095238097 0.02550952380952381
0 0.6063988095238095 0.22993333333333335 0.01594345238095238 0.02720952380952381
0 0.7219375 0.357652380952381 0.015732142857142858 0.02619047619047619
0 0.7494672619047619 0.6066333333333334 0.01594345238095238 0.02619047619047619
0 0.5774880952380952 0.22925238095238096 0.01424404761904762 0.02449047619047619
0 0.39514583333333336 0.5895619047619047 0.016026785714285716 0.02600952380952381
