0 0.9 0.4875 0.025 0.025
0 0.728125 0.5140625 0.0234375 0.021875
0 0.8859375 0.4109375 0.0234375 0.025
0 0.865625 0.3921875 0.025 0.025
0 0.8609375 0.4375 0.025 0.0234375
0 0.8640625 0.359375 0.0234375 0.0234375
0 0.6828125 0.5453125 0.025 0.0234375
0 0.7359375 0.609375 0.0265625 0.025
0 0.7421875 0.3703125 0.025 0.0265625
0 0.734375 0.6734375 0.025 0.0265625
0 0.69375 0.371875 0.0234375 0.0234375
0 0.659375 0.5515625 0.0265625 0.025
0 0.703125 0.6046875 0.025 0.0234375
0 0.846875 0.6453125 0.0265625 0.025
0 0.659375 0.6734375 0.0265625 0.025
