0 0.16875 0.4140625 0.028125 0.0234375
0 0.465625 0.528125 0.0265625 0.0265625
0 0.18125 0.6921875 0.028125 0.0234375
0 0.8390625 0.4734375 0.025 0.021875
0 0.85 0.4515625 0.0265625 0.0234375
0 0.8609375 0.359375 0.025 0.0265625
0 0.80625 0.3953125 0.025 0.0265625
0 0.615625 0.515625 0.025 0.025
0 0.8671875 0.6140625 0.0265625 0.025
0 0.68125 0.66875 0.0265625 0.025
0 0.5203125 0.5953125 0.0234375 0.025
0 0.4671875 0.675 0.025 0.025
0 0.7109375 0.509375 0.021875 0.025
0 0.7609375 0.4703125 0.0234375 0.025
