0 0.79921875 0.559375 0.0265625 0.025
0 0.12421875 0.45859375 0.0265625 0.0234375
0 0.503125 0.32578125 0.0265625 0.0265625
0 0.8171875 0.51796875 0.028125 0.025
0 0.83125 0.375 0.0265625 0.0265625
0 0.846875 0.51484375 0.028125 0.0265625
0 0.81015625 0.35390625 0.0265625 0.0265625
0 0.8875 0.5828125 0.0265625 0.0265625
0 0.16484375 0.4578125 0.028125 0.0265625
0 0.7375 0.315625 0.0296875 0.0265625
0 0.47890625 0.31328125 0.0265625 0.0265625
0 0.9046875 0.67421875 0.0265625 0.0265625
0 0.16484375 0.528125 0.03125 0.0265625
0 0.78203125 0.63046875 0.0296875 0.0265625
0 0.37265625 0.66796875 0.0265625 0.025
0 0.2609375 0.5109375 0.0296875 0.0265625
