0 0.4722291666666667 0.8025619047619048 0.022964285714285715 0.0379047619047619
0 0.39100595238095237 0.6936809523809524 0.018130952380952383 0.031328571428571435
0 0.5030505952380953 0.6435952380952381 0.019339285714285715 0.030942857142857143
0 0.6105 0.6907809523809524 0.020065476190476193 0.03403809523809524
0 0.5501875 0.6803380952380953 0.01982142857142857 0.03171428571428571
0 0.6376964285714285 0.6287047619047619 0.016922619047619047 0.02978095238095238
0 0.5750863095238095 0.6923285714285715 0.019339285714285715 0.03171428571428571
0 0.2943125 0.6070428571428571 0.016678571428571428 0.02978095238095238
0 0.26747916666666666 0.6198095238095238 0.016678571428571428 0.027461904761904764
0 0.20076190476190475 0.516347619047619 0.013779761904761904 0.02475238095238095
0 0.30688095238095237 0.5124761904761905 0.013779761904761904 0.022433333333333333
0 0.44827976190476193 0.4922714285714286 0.01330952380952381 0.02184761904761905
0 0.37157738095238096 0.4662952380952381 0.012276785714285714 0.019457142857142857
0 0.7124136904761905 0.7382047619047619 0.022160714285714284 0.036071428571428574
