0 0.43509615384615385 0.6514423076923077 0.028846153846153848 0.039663461538461536
0 0.5901442307692307 0.6814903846153846 0.03365384615384615 0.046875
0 0.421875 0.6887019230769231 0.027644230769230768 0.040865384615384616
0 0.5240384615384616 0.6983173076923077 0.027644230769230768 0.046875
0 0.5060096153846154 0.7175480769230769 0.027644230769230768 0.04447115384615385
0 0.5793269230769231 0.7451923076923077 0.027644230769230768 0.04807692307692308
0 0.48197115384615385 0.7487980769230769 0.030048076923076924 0.046875
0 0.5588942307692307 0.7668269230769231 0.027644230769230768 0.04807692307692308
0 0.2127403846153846 0.8112980769230769 0.027644230769230768 0.046875
0 0.5721153846153846 0.8377403846153846 0.030048076923076924 0.051682692307692304
