0 0.4874017857142857 0.2534904761904762 0.014485119047619049 0.023809523809523808
0 0.5589285714285714 0.6355571428571429 0.013491071428571429 0.02349047619047619
0 0.7547619047619047 0.6325380952380952 0.015476190476190477 0.02444285714285714
0 0.2550595238095238 0.731904761904762 0.014086309523809524 0.023809523809523808
0 0.29980059523809527 0.7057142857142857 0.015476190476190477 0.02349047619047619
0 0.3217261904761905 0.6906333333333333 0.015276785714285713 0.02444285714285714
0 0.21101190476190476 0.43333333333333335 0.01607142857142857 0.024761904761904763
0 0.2325386904761905 0.3423809523809524 0.015080357142857144 0.02317619047619048
0 0.4654761904761905 0.3784142857142857 0.015080357142857144 0.025395238095238096
0 0.5238095238095238 0.25047619047619046 0.014681547619047618 0.02412857142857143
0 0.6636904761904762 0.41095238095238096 0.015080357142857144 0.02508095238095238
0 0.8000982142857143 0.27476190476190476 0.01567559523809524 0.02444285714285714
0 0.6866071428571429 0.5146047619047619 0.01488095238095238 0.02349047619047619
0 0.8358125 0.7615857142857142 0.016467261904761905 0.025395238095238096
