0 0.78671875 0.6361111111111111 0.016145833333333335 0.026851851851851852
0 0.7697916666666667 0.3296296296296296 0.015625 0.026851851851851852
0 0.72265625 0.48333333333333334 0.015104166666666667 0.026851851851851852
0 0.69375 0.49907407407407406 0.015104166666666667 0.026851851851851852
0 0.60390625 0.4726851851851852 0.015625 0.027777777777777776
0 0.44973958333333336 0.7194444444444444 0.015625 0.027777777777777776
0 0.45807291666666666 0.512962962962963 0.015104166666666667 0.027777777777777776
0 0.35494791666666664 0.6208333333333333 0.015104166666666667 0.027777777777777776
0 0.3020833333333333 0.4425925925925926 0.016145833333333335 0.026851851851851852
0 0.2981770833333333 0.2935185185185185 0.015104166666666667 0.026851851851851852
