0 0.4594553571428571 0.6217285714285715 0.025830357142857144 0.039342857142857145
0 0.586845238095238 0.5661809523809523 0.025208333333333333 0.04066666666666667
0 0.5701071428571428 0.5132857142857143 0.02107738095238095 0.03537619047619048
0 0.3436369047619047 0.5142761904761904 0.02272916666666667 0.036699999999999997
0 0.22347619047619047 0.46187142857142854 0.021282738095238098 0.03504761904761904
0 0.19206845238095238 0.4504666666666667 0.020458333333333332 0.03537619047619048
0 0.2233720238095238 0.4355904761904762 0.021491071428571425 0.028104761904761907
0 0.08575297619047619 0.3492952380952381 0.017770833333333333 0.031409523809523804
0 0.2940922619047619 0.2884285714285714 0.016642857142857143 0.02791904761904762
0 0.3419434523809524 0.25621428571428567 0.01463095238095238 0.02662857142857143
0 0.35925892857142855 0.2622238095238095 0.015705357142857142 0.02577142857142857
0 0.42106845238095236 0.3320238095238095 0.01879166666666667 0.030923809523809524
0 0.5431488095238095 0.42598095238095235 0.02026785714285714 0.03371904761904762
0 0.6149613095238096 0.418252380952381 0.019464285714285715 0.032
0 0.6956964285714285 0.4905190476190476 0.02174404761904762 0.03608095238095238
0 0.6928779761904762 0.5698714285714286 0.024428571428571428 0.03844285714285715
