0 0.8236979166666667 0.6282407407407408 0.015104166666666667 0.025925925925925925
0 0.8096354166666667 0.33287037037037037 0.016145833333333335 0.027777777777777776
0 0.7447916666666666 0.4444444444444444 0.015104166666666667 0.025
0 0.73046875 0.37546296296296294 0.016145833333333335 0.028703703703703703
0 0.7026041666666667 0.5611111111111111 0.015625 0.027777777777777776
0 0.6799479166666667 0.5092592592592593 0.015625 0.027777777777777776
0 0.55546875 0.49537037037037035 0.015104166666666667 0.026851851851851852
0 0.5528645833333333 0.4648148148148148 0.015104166666666667 0.026851851851851852
0 0.40078125 0.5226851851851851 0.015104166666666667 0.028703703703703703
0 0.34401041666666665 0.4217592592592593 0.015104166666666667 0.026851851851851852
0 0.36041666666666666 0.37083333333333335 0.015625 0.026851851851851852
0 0.3567708333333333 0.23796296296296296 0.015625 0.025925925925925925
0 0.28880208333333335 0.22268518518518518 0.015104166666666667 0.026851851851851852
0 0.24895833333333334 0.6652777777777777 0.016145833333333335 0.030555555555555555
