0 0.8239583333333333 0.6277777777777778 0.015104166666666667 0.025925925925925925
0 0.8098958333333334 0.3333333333333333 0.015625 0.027777777777777776
0 0.5533854166666666 0.4638888888888889 0.015625 0.025925925925925925
0 0.5557291666666667 0.49537037037037035 0.014583333333333334 0.027777777777777776
0 0.51640625 0.5476851851851852 0.016145833333333335 0.027777777777777776
0 0.4010416666666667 0.5231481481481481 0.015104166666666667 0.028703703703703703
0 0.34427083333333336 0.42083333333333334 0.015625 0.026851851851851852
0 0.36015625 0.3699074074074074 0.016145833333333335 0.025925925925925925
0 0.3567708333333333 0.2375 0.015625 0.025925925925925925
0 0.28880208333333335 0.22314814814814815 0.015104166666666667 0.027777777777777776
0 0.24869791666666666 0.6648148148148149 0.015625 0.027777777777777776
