0 0.34226190476190477 0.6037428571428571 0.02338392857142857 0.03877619047619048
0 0.2964494047619048 0.5066333333333334 0.021470238095238094 0.03707619047619048
0 0.4401577380952381 0.5035714285714286 0.02274702380952381 0.03775714285714286
0 0.6860119047619048 0.6836714285714286 0.02550892857142857 0.0414952380952381
0 0.6442380952380952 0.6057809523809524 0.023172619047619046 0.03877619047619048
0 0.6692172619047619 0.5181952380952382 0.02211011904761905 0.03707619047619048
0 0.601827380952381 0.3130952380952381 0.019982142857142858 0.034352380952380954
0 0.5212589285714286 0.5787428571428571 0.02338392857142857 0.03843333333333333
0 0.7642440476190476 0.5989809523809523 0.024660714285714286 0.04081428571428571
0 0.7085446428571429 0.5316333333333334 0.022532738095238092 0.03673333333333333
0 0.49224107142857143 0.503742857142857 0.023172619047619046 0.0380952380952381
0 0.5771696428571429 0.4141142857142857 0.020833333333333332 0.03503333333333333
0 0.5332708333333334 0.4107142857142857 0.021470238095238094 0.0363952380952381
0 0.36958035714285714 0.3142857142857143 0.019345238095238096 0.03265238095238095
0 0.35033928571428574 0.3197285714285714 0.019982142857142858 0.03333333333333333
