0 0.3111994047619048 0.39553809523809524 0.01525297619047619 0.024404761904761905
0 0.4652172619047619 0.43154761904761907 0.01525297619047619 0.025
0 0.4600089285714286 0.481847619047619 0.014508928571428572 0.024404761904761905
0 0.5842648809523809 0.5270857142857144 0.014508928571428572 0.024404761904761905
0 0.5836309523809524 0.5835714285714285 0.014285714285714285 0.024285714285714285
0 0.5889880952380953 0.74 0.01488095238095238 0.023809523809523808
0 0.7007440476190476 0.6780952380952381 0.013988095238095239 0.023809523809523808
0 0.6724702380952381 0.4961904761904762 0.013988095238095239 0.023809523809523808
0 0.3168154761904762 0.6826190476190476 0.015773809523809523 0.025238095238095237
0 0.32529761904761906 0.7064285714285714 0.01488095238095238 0.024285714285714285
0 0.6931547619047619 0.24761904761904763 0.01488095238095238 0.025714285714285714
0 0.7019345238095238 0.370952380952381 0.013988095238095239 0.023809523809523808
0 0.6180059523809524 0.2966666666666667 0.013988095238095239 0.024761904761904763
0 0.6007440476190476 0.33690476190476193 0.013988095238095239 0.024285714285714285
0 0.7824910714285714 0.3361095238095238 0.013889880952380952 0.023014285714285713
