0 0.74140625 0.3162037037037037 0.016145833333333335 0.027777777777777776
0 0.6911458333333333 0.42268518518518516 0.014583333333333334 0.026851851851851852
0 0.6919270833333333 0.4708333333333333 0.015104166666666667 0.026851851851851852
0 0.6213541666666667 0.5212962962962963 0.015625 0.026851851851851852
0 0.6536458333333334 0.3837962962962963 0.016145833333333335 0.02962962962962963
0 0.6440104166666667 0.2652777777777778 0.015625 0.027777777777777776
0 0.6315104166666666 0.4736111111111111 0.015104166666666667 0.028703703703703703
0 0.5341145833333333 0.22685185185185186 0.015625 0.025925925925925925
0 0.5700520833333333 0.4726851851851852 0.015625 0.027777777777777776
0 0.5315104166666667 0.5773148148148148 0.015625 0.028703703703703703
0 0.384375 0.3060185185185185 0.016145833333333335 0.027777777777777776
0 0.29973958333333334 0.6731481481481482 0.016145833333333335 0.027777777777777776
