0 0.3044315476190476 0.24774761904761905 0.015476190476190477 0.026595238095238095
0 0.23011607142857143 0.32049999999999995 0.013946428571428571 0.023538095238095236
0 0.3970892857142857 0.4002809523809524 0.01662202380952381 0.02781428571428571
0 0.6303958333333334 0.2801 0.01575595238095238 0.028190476190476193
0 0.7090654761904762 0.3975142857142857 0.01637797619047619 0.02752857142857143
0 0.7151815476190477 0.4404666666666667 0.016169642857142858 0.02587142857142857
0 0.7572619047619048 0.4144333333333333 0.01575595238095238 0.02487619047619048
0 0.812610119047619 0.3091238095238095 0.017827380952380952 0.02587142857142857
0 0.6846041666666667 0.4932047619047619 0.015961309523809523 0.028523809523809524
0 0.6408630952380953 0.7313523809523809 0.015547619047619048 0.028523809523809524
0 0.19245535714285714 0.49090000000000006 0.018449404761904764 0.025957142857142856
0 0.2374672619047619 0.6329047619047619 0.016860119047619047 0.02900952380952381
0 0.34684821428571433 0.7057666666666667 0.016886904761904763 0.027133333333333332
0 0.3501309523809524 0.737147619047619 0.016532738095238093 0.02762857142857143
0 0.33488392857142857 0.7619809523809524 0.01763392857142857 0.026157142857142858
0 0.3335952380952381 0.6686619047619048 0.017267857142857144 0.02703809523809524
