0 0.40733630952380956 0.27255238095238093 0.018654761904761903 0.031204761904761905
0 0.34162499999999996 0.3393 0.019842261904761904 0.03445714285714286
0 0.3156785714285715 0.3413333333333333 0.019163690476190477 0.03364285714285715
0 0.5180744047619048 0.24799523809523807 0.018654761904761903 0.03147619047619047
0 0.7175029761904762 0.5491761904761905 0.0230625 0.03907142857142857
0 0.568610119047619 0.6242 0.023741071428571427 0.04042857142857143
0 0.5967619047619047 0.6636761904761905 0.02475892857142857 0.03907142857142857
0 0.37274107142857144 0.3306190476190476 0.01933333333333333 0.03229047619047619
0 0.2967708333333333 0.33116190476190477 0.020351190476190474 0.031747619047619045
0 0.2888839285714286 0.5559571428571428 0.023571428571428573 0.038528571428571426
0 0.5939583333333334 0.37276190476190474 0.01949404761904762 0.03324761904761905
0 0.6486964285714285 0.2707904761904762 0.017568452380952383 0.03221904761904762
0 0.7079315476190476 0.2817571428571429 0.01906547619047619 0.030847619047619047
0 0.7042886904761905 0.31894761904761904 0.01906547619047619 0.031876190476190475
0 0.5166220238095238 0.5957380952380952 0.022922619047619046 0.03770476190476191
