0 0.3401442307692308 0.5949519230769231 0.027644230769230768 0.039663461538461536
0 0.28846153846153844 0.6610576923076923 0.027644230769230768 0.04326923076923077
0 0.6574519230769231 0.6790865384615384 0.028846153846153848 0.04447115384615385
0 0.5360576923076923 0.6971153846153846 0.030048076923076924 0.04447115384615385
0 0.5096153846153846 0.7235576923076923 0.030048076923076924 0.04807692307692308
0 0.46875 0.7896634615384616 0.03365384615384615 0.04807692307692308
0 0.7475961538461539 0.8413461538461539 0.028846153846153848 0.05048076923076923
0 0.6766826923076923 0.8425480769230769 0.028846153846153848 0.05048076923076923
0 0.6550480769230769 0.8918269230769231 0.03365384615384615 0.04807692307692308
0 0.44711538461538464 0.921875 0.028846153846153848 0.04326923076923077
