0 0.828125 0.5037037037037037 0.024479166666666666 0.041666666666666664
0 0.6841145833333333 0.42453703703703705 0.023958333333333335 0.04351851851851852
0 0.54140625 0.2574074074074074 0.023958333333333335 0.041666666666666664
0 0.3802083333333333 0.17592592592592593 0.023958333333333335 0.04259259259259259
0 0.384375 0.29953703703703705 0.025520833333333333 0.041666666666666664
0 0.4192708333333333 0.4949074074074074 0.024479166666666666 0.03981481481481482
0 0.434375 0.8032407407407407 0.024479166666666666 0.041666666666666664
0 0.37083333333333335 0.8083333333333333 0.023958333333333335 0.041666666666666664
0 0.328125 0.7782407407407408 0.023958333333333335 0.04351851851851852
0 0.30234375 0.7648148148148148 0.025 0.04351851851851852
0 0.29401041666666666 0.4583333333333333 0.025 0.041666666666666664
0 0.17213541666666668 0.2300925925925926 0.025520833333333333 0.044444444444444446
0 0.12786458333333334 0.36435185185185187 0.025 0.041666666666666664
