0 0.7174479166666666 0.39444444444444443 0.016145833333333335 0.028703703703703703
0 0.7989583333333333 0.5296296296296297 0.016145833333333335 0.027777777777777776
0 0.81796875 0.6587962962962963 0.015104166666666667 0.027777777777777776
0 0.7171875 0.6458333333333334 0.015104166666666667 0.025
0 0.76484375 0.7231481481481481 0.016145833333333335 0.027777777777777776
0 0.6276041666666666 0.6759259259259259 0.015104166666666667 0.026851851851851852
0 0.6309895833333333 0.625 0.015625 0.028703703703703703
0 0.5848958333333333 0.3074074074074074 0.015104166666666667 0.026851851851851852
0 0.5307291666666667 0.24444444444444444 0.015104166666666667 0.026851851851851852
0 0.39817708333333335 0.26666666666666666 0.015104166666666667 0.027777777777777776
0 0.3645833333333333 0.6333333333333333 0.015625 0.027777777777777776
0 0.275 0.4476851851851852 0.016145833333333335 0.027777777777777776
0 0.26015625 0.6699074074074074 0.015104166666666667 0.026851851851851852
