0 0.18807440476190473 0.5402619047619047 0.015735119047619046 0.025295238095238093
0 0.2228452380952381 0.5307000000000001 0.015660714285714285 0.025414285714285712
0 0.3512172619047619 0.44856666666666667 0.012273809523809524 0.01963809523809524
0 0.392125 0.4438142857142857 0.012273809523809524 0.020690476190476193
0 0.3969434523809524 0.5078952380952381 0.013196428571428572 0.023014285714285713
0 0.6407410714285714 0.6654047619047618 0.01781547619047619 0.03146190476190476
0 0.5897380952380953 0.649252380952381 0.018211309523809522 0.029980952380952382
0 0.2579672619047619 0.6196809523809523 0.016541666666666666 0.02773809523809524
0 0.6035208333333333 0.5736095238095238 0.016142857142857143 0.027419047619047617
0 0.5362619047619047 0.6464619047619047 0.018333333333333333 0.029652380952380954
0 0.4989970238095238 0.5158952380952382 0.013949404761904762 0.024233333333333332
0 0.3557142857142857 0.6874380952380952 0.019529761904761907 0.032523809523809524
