0 0.63828125 0.17546296296296296 0.025520833333333333 0.044444444444444446
0 0.5614583333333333 0.15694444444444444 0.025 0.04351851851851852
0 0.5177083333333333 0.6472222222222223 0.025520833333333333 0.04259259259259259
0 0.49609375 0.7833333333333333 0.0234375 0.04537037037037037
0 0.4158854166666667 0.3194444444444444 0.024479166666666666 0.04351851851851852
0 0.34270833333333334 0.2875 0.0234375 0.04259259259259259
0 0.2796875 0.47638888888888886 0.023958333333333335 0.04351851851851852
0 0.2526041666666667 0.49907407407407406 0.022916666666666665 0.041666666666666664
0 0.22890625 0.47638888888888886 0.023958333333333335 0.04259259259259259
0 0.21067708333333332 0.44675925925925924 0.024479166666666666 0.041666666666666664
0 0.18541666666666667 0.5319444444444444 0.023958333333333335 0.04259259259259259
0 0.16901041666666666 0.3939814814814815 0.025 0.04259259259259259
