0 0.8877604166666667 0.5680555555555555 0.025520833333333333 0.04351851851851852
0 0.7390625 0.7125 0.023958333333333335 0.04259259259259259
0 0.61328125 0.8074074074074075 0.024479166666666666 0.04351851851851852
0 0.6377604166666667 0.17546296296296296 0.025520833333333333 0.04351851851851852
0 0.5611979166666666 0.15833333333333333 0.025 0.044444444444444446
0 0.25859375 0.3902777777777778 0.024479166666666666 0.041666666666666664
0 0.2526041666666667 0.49907407407407406 0.022916666666666665 0.03981481481481482
0 0.22916666666666666 0.4759259259259259 0.024479166666666666 0.041666666666666664
0 0.20677083333333332 0.5078703703703704 0.024479166666666666 0.04259259259259259
0 0.15963541666666667 0.5046296296296297 0.024479166666666666 0.040740740740740744
0 0.10885416666666667 0.36527777777777776 0.024479166666666666 0.040740740740740744
