0 0.3235297619047619 0.496247619047619 0.012877976190476191 0.022395238095238097
0 0.5493690476190477 0.7538571428571428 0.02000297619047619 0.03488095238095238
0 0.48610714285714285 0.6497619047619048 0.017080357142857144 0.030204761904761904
0 0.6443214285714286 0.6317809523809523 0.017080357142857144 0.028766666666666666
0 0.634544642857143 0.6472428571428571 0.016404761904761905 0.028047619047619047
0 0.6257797619047619 0.6654 0.018202380952380953 0.02912380952380952
0 0.5703839285714286 0.5339761904761904 0.01393452380952381 0.023014285714285713
0 0.5454375 0.522647619047619 0.01393452380952381 0.021933333333333336
0 0.47239583333333335 0.520852380952381 0.013485119047619048 0.021933333333333336
0 0.5634166666666667 0.604095238095238 0.015732142857142858 0.026609523809523812
0 0.5682470238095237 0.6616238095238096 0.016854166666666667 0.028766666666666666
0 0.6083630952380952 0.7419904761904762 0.019776785714285715 0.032004761904761904
0 0.7169107142857143 0.6760095238095237 0.017979166666666664 0.030204761904761904
0 0.6191517857142856 0.6508380952380952 0.01663095238095238 0.028766666666666666
0 0.44778869047619047 0.49172380952380945 0.011910714285714287 0.02265238095238095
