0 0.8880208333333334 0.6861111111111111 0.022916666666666665 0.040740740740740744
0 0.7778645833333333 0.2759259259259259 0.0234375 0.040740740740740744
0 0.7221354166666667 0.6310185185185185 0.0234375 0.040740740740740744
0 0.70390625 0.7861111111111111 0.022916666666666665 0.040740740740740744
0 0.6895833333333333 0.6333333333333333 0.0234375 0.041666666666666664
0 0.6583333333333333 0.6375 0.023958333333333335 0.041666666666666664
0 0.640625 0.7462962962962963 0.022916666666666665 0.040740740740740744
0 0.5096354166666667 0.5203703703703704 0.023958333333333335 0.041666666666666664
0 0.4901041666666667 0.37546296296296294 0.022395833333333334 0.040740740740740744
0 0.47708333333333336 0.4351851851851852 0.023958333333333335 0.041666666666666664
0 0.41119791666666666 0.6 0.021875 0.040740740740740744
0 0.19322916666666667 0.7430555555555556 0.023958333333333335 0.041666666666666664
