0 0.83984375 0.8296296296296296 0.023958333333333335 0.041666666666666664
0 0.8216145833333334 0.7773148148148148 0.023958333333333335 0.04259259259259259
0 0.78828125 0.5467592592592593 0.023958333333333335 0.040740740740740744
0 0.7885416666666667 0.4925925925925926 0.0234375 0.040740740740740744
0 0.76171875 0.4837962962962963 0.0234375 0.040740740740740744
0 0.6520833333333333 0.45416666666666666 0.022395833333333334 0.040740740740740744
0 0.53046875 0.21712962962962962 0.021875 0.03981481481481482
0 0.5497395833333333 0.3976851851851852 0.0234375 0.03981481481481482
0 0.5791666666666667 0.6930555555555555 0.0234375 0.040740740740740744
0 0.5317708333333333 0.7925925925925926 0.0234375 0.04259259259259259
0 0.32838541666666665 0.5893518518518519 0.0234375 0.040740740740740744
0 0.19296875 0.44675925925925924 0.0234375 0.040740740740740744
