0 0.27448809523809525 0.5776285714285714 0.016491071428571428 0.02860952380952381
0 0.41942261904761907 0.41138571428571424 0.015553571428571429 0.028147619047619046
0 0.503110119047619 0.30216666666666664 0.016502976190476193 0.026404761904761907
0 0.6078244047619048 0.4550190476190476 0.014875 0.02342857142857143
0 0.6294404761904762 0.6216285714285714 0.016735119047619047 0.02789047619047619
0 0.686735119047619 0.4090904761904762 0.01743154761904762 0.02751904761904762
0 0.7150922619047619 0.4860714285714286 0.01743154761904762 0.028266666666666666
0 0.7683214285714286 0.520847619047619 0.016967261904761905 0.02789047619047619
0 0.6839464285714285 0.5457619047619047 0.016038690476190477 0.02789047619047619
0 0.6963779761904761 0.47210476190476186 0.015366071428571429 0.025152380952380954
0 0.7229613095238095 0.4569857142857143 0.017663690476190475 0.026566666666666666
0 0.7699434523809524 0.4045619047619048 0.016955357142857144 0.02628095238095238
0 0.7814255952380953 0.6134142857142858 0.016604166666666666 0.025152380952380954
0 0.7666755952380953 0.6859000000000001 0.016779761904761905 0.02712857142857143
