0 0.8809895833333333 0.2861111111111111 0.0234375 0.04259259259259259
0 0.7588541666666667 0.18935185185185185 0.023958333333333335 0.040740740740740744
0 0.78125 0.5504629629629629 0.023958333333333335 0.040740740740740744
0 0.7065104166666667 0.47824074074074074 0.023958333333333335 0.040740740740740744
0 0.5325520833333334 0.4791666666666667 0.022395833333333334 0.040740740740740744
0 0.4822916666666667 0.46944444444444444 0.022916666666666665 0.041666666666666664
0 0.3927083333333333 0.5074074074074074 0.023958333333333335 0.041666666666666664
0 0.3625 0.6444444444444445 0.022395833333333334 0.040740740740740744
0 0.28177083333333336 0.6486111111111111 0.023958333333333335 0.040740740740740744
0 0.36302083333333335 0.1865740740740741 0.023958333333333335 0.03981481481481482
0 0.1625 0.4263888888888889 0.023958333333333335 0.041666666666666664
0 0.13645833333333332 0.7106481481481481 0.023958333333333335 0.041666666666666664
