0 0.90234375 0.4203703703703704 0.013541666666666667 0.016666666666666666
0 0.88046875 0.4050925925925926 0.013541666666666667 0.023148148148148147
0 0.8513020833333333 0.37175925925925923 0.013541666666666667 0.023148148148148147
0 0.79609375 0.3902777777777778 0.013541666666666667 0.023148148148148147
0 0.8114583333333333 0.4351851851851852 0.013541666666666667 0.023148148148148147
0 0.7440104166666667 0.3523148148148148 0.0125 0.020370370370370372
0 0.7520833333333333 0.39675925925925926 0.0125 0.022222222222222223
0 0.73046875 0.4824074074074074 0.015104166666666667 0.025925925925925925
0 0.6614583333333334 0.43703703703703706 0.013541666666666667 0.023148148148148147
0 0.5622395833333333 0.43287037037037035 0.013541666666666667 0.023148148148148147
0 0.44088541666666664 0.5162037037037037 0.0140625 0.025
0 0.42161458333333335 0.5111111111111111 0.0140625 0.025925925925925925
0 0.35390625 0.5157407407407407 0.014583333333333334 0.025925925925925925
