0 0.61328125 0.2300925925925926 0.0125 0.021296296296296296
0 0.6416666666666667 0.2708333333333333 0.015625 0.026851851851851852
0 0.4947916666666667 0.2587962962962963 0.014583333333333334 0.026851851851851852
0 0.5934895833333333 0.3675925925925926 0.015625 0.028703703703703703
0 0.6536458333333334 0.5731481481481482 0.01875 0.032407407407407406
0 0.42890625 0.45 0.016666666666666666 0.030555555555555555
0 0.53515625 0.4912037037037037 0.0171875 0.030555555555555555
0 0.5059895833333333 0.5837962962962963 0.019270833333333334 0.03333333333333333
0 0.45286458333333335 0.5722222222222222 0.018229166666666668 0.03148148148148148
0 0.4666666666666667 0.6731481481481482 0.019791666666666666 0.03518518518518519
0 0.4010416666666667 0.6569444444444444 0.019270833333333334 0.03518518518518519
