0 0.554952380952381 0.6056142857142857 0.023172619047619046 0.03911428571428571
0 0.4311220238095238 0.48928571428571427 0.020833333333333332 0.03503333333333333
0 0.35119047619047616 0.3894571428571429 0.018282738095238095 0.031971428571428574
0 0.6676220238095238 0.4477904761904762 0.019770833333333335 0.03231428571428571
0 0.7724285714285715 0.5028904761904761 0.021044642857142856 0.034352380952380954
0 0.4737470238095238 0.5778904761904762 0.02189583333333333 0.0380952380952381
0 0.4893720238095238 0.47091904761904757 0.019556547619047616 0.0329952380952381
0 0.3898809523809524 0.4336714285714286 0.018708333333333334 0.03129047619047619
0 0.21109821428571426 0.35187142857142856 0.017857142857142856 0.02959047619047619
0 0.2512767857142857 0.2852047619047619 0.015306547619047619 0.02619047619047619
0 0.3236607142857143 0.2942190476190476 0.01594345238095238 0.02720952380952381
0 0.4086934523809524 0.24489999999999998 0.014669642857142857 0.02449047619047619
0 0.3161130952380953 0.3261904761904762 0.016157738095238097 0.02857142857142857
0 0.25818452380952384 0.27176666666666666 0.015092261904761905 0.025852380952380953
