0 0.34875595238095236 0.32507619047619046 0.01894345238095238 0.03176190476190476
0 0.45651488095238096 0.26535714285714285 0.018098214285714287 0.030938095238095237
0 0.518985119047619 0.29679047619047616 0.018839285714285715 0.031928571428571424
0 0.6730565476190475 0.26525714285714286 0.017848214285714287 0.031928571428571424
0 0.47833035714285715 0.25216666666666665 0.018098214285714287 0.03153333333333333
0 0.4760982142857143 0.32842380952380956 0.019089285714285715 0.032523809523809524
0 0.44269345238095237 0.4042809523809524 0.02119642857142857 0.0351047619047619
0 0.4270744047619048 0.46427142857142856 0.02144345238095238 0.034904761904761904
0 0.4879970238095238 0.5249619047619049 0.02181547619047619 0.03728571428571428
0 0.4151755952380952 0.5215904761904762 0.0221875 0.03768095238095238
0 0.3688184523809524 0.608552380952381 0.02293154761904762 0.03907142857142857
0 0.4131309523809523 0.6574380952380952 0.023797619047619047 0.04125238095238095
0 0.7337053571428571 0.6518857142857143 0.024133928571428574 0.04038571428571429
0 0.6927113095238095 0.5653714285714285 0.022845238095238096 0.038909523809523804
