0 0.3239910714285714 0.6993761904761905 0.016586309523809524 0.026538095238095236
0 0.22381845238095238 0.5695761904761905 0.016976190476190475 0.02579047619047619
0 0.1999642857142857 0.5425809523809524 0.016976190476190475 0.02750952380952381
0 0.2767589285714286 0.4886666666666667 0.01680059523809524 0.02411904761904762
0 0.3288928571428571 0.5419285714285714 0.01648809523809524 0.02411904761904762
0 0.44210714285714287 0.5788619047619047 0.01711607142857143 0.025123809523809524
0 0.5259583333333333 0.5929333333333334 0.014916666666666667 0.024623809523809524
0 0.5988988095238095 0.6022285714285714 0.01570238095238095 0.027133333333333332
0 0.6020386904761904 0.5240904761904761 0.016958333333333332 0.025123809523809524
0 0.6992380952380952 0.6441857142857143 0.016330357142857143 0.025628571428571428
0 0.7516071428571429 0.5963238095238095 0.01711607142857143 0.02638095238095238
0 0.7435982142857143 0.27799999999999997 0.01617261904761905 0.02638095238095238
0 0.6487529761904762 0.3094047619047619 0.01617261904761905 0.02638095238095238
0 0.22004761904761905 0.28944761904761906 0.017285714285714286 0.026385714285714283
