0 0.49453125 0.575462962962963 0.015625 0.027777777777777776
0 0.5013020833333334 0.5902777777777778 0.015104166666666667 0.028703703703703703
0 0.51875 0.5953703703703703 0.016145833333333335 0.028703703703703703
0 0.64609375 0.5587962962962963 0.0140625 0.022222222222222223
0 0.6666666666666666 0.5472222222222223 0.0140625 0.023148148148148147
0 0.7075520833333333 0.4888888888888889 0.0140625 0.025
0 0.87890625 0.4287037037037037 0.014583333333333334 0.022222222222222223
0 0.8921875 0.42453703703703705 0.013541666666666667 0.019444444444444445
0 0.7859375 0.4222222222222222 0.013020833333333334 0.023148148148148147
0 0.7513020833333334 0.3875 0.0125 0.021296296296296296
0 0.73203125 0.30694444444444446 0.011979166666666667 0.021296296296296296
0 0.69609375 0.39444444444444443 0.0125 0.024074074074074074
0 0.63203125 0.3925925925925926 0.013541666666666667 0.023148148148148147
0 0.44973958333333336 0.43287037037037035 0.013020833333333334 0.025
0 0.325 0.48657407407407405 0.0140625 0.025
0 0.36822916666666666 0.5189814814814815 0.0140625 0.025
