0 0.6638020833333333 0.4976851851851852 0.015104166666666667 0.027777777777777776
0 0.70390625 0.5013888888888889 0.015104166666666667 0.026851851851851852
0 0.7177083333333333 0.4986111111111111 0.014583333333333334 0.026851851851851852
0 0.7026041666666667 0.4337962962962963 0.013020833333333334 0.024074074074074074
0 0.7244791666666667 0.4074074074074074 0.0140625 0.023148148148148147
0 0.80703125 0.4152777777777778 0.013020833333333334 0.022222222222222223
0 0.7552083333333334 0.3685185185185185 0.0125 0.022222222222222223
0 0.69765625 0.35138888888888886 0.0125 0.022222222222222223
0 0.6328125 0.36944444444444446 0.011979166666666667 0.022222222222222223
0 0.534375 0.45046296296296295 0.013541666666666667 0.023148148148148147
0 0.5606770833333333 0.4810185185185185 0.0140625 0.025925925925925925
0 0.5533854166666666 0.611574074074074 0.015625 0.021296296296296296
0 0.5010416666666667 0.6143518518518518 0.015625 0.028703703703703703
0 0.4557291666666667 0.4925925925925926 0.0140625 0.025925925925925925
0 0.415625 0.4597222222222222 0.013020833333333334 0.024074074074074074
0 0.40260416666666665 0.4925925925925926 0.0140625 0.025
