0 0.5716145833333334 0.6546296296296297 0.0203125 0.03425925925925926
0 0.5653645833333333 0.6717592592592593 0.021354166666666667 0.03611111111111111
0 0.5700520833333333 0.7060185185185185 0.022916666666666665 0.024074074074074074
0 0.6520833333333333 0.6916666666666667 0.021354166666666667 0.03611111111111111
0 0.6078125 0.6337962962962963 0.019791666666666666 0.03518518518518519
0 0.5510416666666667 0.5143518518518518 0.015625 0.026851851851851852
0 0.5315104166666667 0.5180555555555556 0.015104166666666667 0.025925925925925925
0 0.4588541666666667 0.5273148148148148 0.015625 0.026851851851851852
0 0.5 0.6444444444444445 0.0203125 0.03518518518518519
0 0.5197916666666667 0.6652777777777777 0.0203125 0.037037037037037035
0 0.490625 0.7032407407407407 0.021354166666666667 0.027777777777777776
0 0.4283854166666667 0.6976851851851852 0.022916666666666665 0.03796296296296296
0 0.39375 0.6995370370370371 0.022395833333333334 0.037037037037037035
0 0.37890625 0.662962962962963 0.019791666666666666 0.03611111111111111
