0 0.5109375 0.5041666666666667 0.008333333333333333 0.014814814814814815
0 0.584375 0.5481481481481482 0.009895833333333333 0.017592592592592594
0 0.5713541666666667 0.5236111111111111 0.008854166666666666 0.01574074074074074
0 0.5643229166666667 0.5597222222222222 0.009895833333333333 0.017592592592592594
0 0.5361979166666667 0.5898148148148148 0.010416666666666666 0.019444444444444445
0 0.48151041666666666 0.6111111111111112 0.011458333333333333 0.019444444444444445
0 0.4940104166666667 0.5518518518518518 0.010416666666666666 0.016666666666666666
0 0.44088541666666664 0.5643518518518519 0.009895833333333333 0.017592592592592594
0 0.37786458333333334 0.6148148148148148 0.011458333333333333 0.012962962962962963
0 0.40859375 0.5643518518518519 0.009895833333333333 0.017592592592592594
