0 0.43020833333333336 0.6518518518518519 0.0203125 0.037037037037037035
0 0.44244791666666666 0.5657407407407408 0.01875 0.032407407407407406
0 0.45026041666666666 0.5902777777777778 0.019270833333333334 0.03333333333333333
0 0.52421875 0.5685185185185185 0.018229166666666668 0.032407407407407406
0 0.6747395833333333 0.5435185185185185 0.017708333333333333 0.032407407407407406
0 0.6463541666666667 0.47175925925925927 0.016145833333333335 0.02962962962962963
0 0.5989583333333334 0.4439814814814815 0.016145833333333335 0.02962962962962963
0 0.5135416666666667 0.4962962962962963 0.0171875 0.03148148148148148
0 0.5088541666666667 0.35509259259259257 0.0140625 0.025
0 0.43984375 0.26805555555555555 0.011979166666666667 0.022222222222222223
0 0.34661458333333334 0.42407407407407405 0.015625 0.027777777777777776
0 0.3020833333333333 0.4152777777777778 0.015104166666666667 0.027777777777777776
0 0.29635416666666664 0.39814814814814814 0.015104166666666667 0.025925925925925925
0 0.28411458333333334 0.3773148148148148 0.014583333333333334 0.026851851851851852
0 0.22786458333333334 0.3384259259259259 0.014583333333333334 0.025925925925925925
