0 0.959375 0.634375 0.065625 0.0578125
0 0.3515625 0.5359375 0.0515625 0.0484375
0 0.375 0.46875 0.04375 0.04375
0 0.325 0.315625 0.0359375 0.0375
0 0.671875 0.59375 0.0546875 0.0546875
0 0.946875 0.3203125 0.0421875 0.04375
0 0.8671875 0.3890625 0.046875 0.04375
0 0.371875 0.4203125 0.046875 0.0453125
0 0.378125 0.696875 0.059375 0.0625
0 0.8078125 0.4625 0.0515625 0.05
0 0.7390625 0.265625 0.0359375 0.0390625
0 0.8296875 0.2375 0.0390625 0.0375
0 0.90625 0.2765625 0.040625 0.040625
0 0.3921875 0.3046875 0.0359375 0.0359375
