0 0.240625 0.615625 0.025 0.025
0 0.28671875 0.45625 0.021875 0.01875
0 0.21484375 0.54921875 0.0234375 0.0234375
0 0.29609375 0.55 0.0234375 0.0234375
0 0.740625 0.62265625 0.0296875 0.028125
0 0.590625 0.65703125 0.0296875 0.0296875
0 0.278125 0.525 0.0234375 0.0234375
0 0.128125 0.58125 0.025 0.0234375
0 0.22734375 0.653125 0.028125 0.028125
0 0.51796875 0.503125 0.021875 0.0234375
0 0.45859375 0.528125 0.021875 0.0234375
0 0.159375 0.575 0.0234375 0.0234375
0 0.33671875 0.5609375 0.0234375 0.0234375
0 0.2640625 0.575 0.0234375 0.0234375
0 0.3890625 0.6546875 0.025 0.025
